# Map Size (H x W): 156 x 206
11111111111111111111111111111111111111111111111111111111111111111111111111111111111111111111111111111111111111111111111111111111111111111111111111111111111111111111111111111111111111111111111111111111111111
11111111111111111111111111111111111111111111111111111111111111111111111111111111111111111111111111111111111111111111111111111111111111111111111111111111111111111111111111111111111111111111111111111111111111
11111111111111111111111111111111111111111111111111111111111111111111111111111111111111111111111111111111111111111111111111111111111111111111111111111111111111111111111111111111111111111111111111111111111111
11111111111110421111111112220111111111111111111111111111111102222111112222111111111111111120111122001112030021112252421111111111111112211111111111111111111111111111111111110221111111111111200111111111111111
11111110232222625322222422002220211111220011110222221111111222220202222242221122222211111222220060224222026422220020603222220222111226431111111111111111110111103224221111122224242201111112040211112025211111
11111142042220022222202222022220021112423245202222204251132222222220203040222222204221110302032223222022422403402522202022205222222230222211111111111111102211022022022111122022234222511102240211100022231111
11111120220222200020022222222202222265203022202222222222226532203202222423242322202222222222422324420434424222202320222202223202530025020231111221111111150202222222202211112522222222322202222511125422021111
11111122222422222223222250020235202222202220220222222202220420022322555322224240520202402202220202220422202002002240220202222220323205200024114202111111124222022222002221111222002222222204222202202522521111
11111202022422022003322320252422202222200222220200222200322222222200224240222220220422230024222224202222020000202424602022200602222002022522023222022411202220202222220222111230202000222222242002222222241111
11112002225234222022222622442222252222242222222220223404220202222050206222524220250220232502220222400223222240404222204202020200000322022222022042200445262322225320250022012220232224000226322024026022411111
11110002242322220232202202252020232262522202424204202426020252220222022252262200424422222402222522202222022620202202522222220242222532220000222454420244040222422320222252022204242204020222225002422220111111
11112502262122202025220220222002222220222200222222023322424522202625220222032022224222222222202222200002222204042242233022204250022342200025222222622252222022226223202022002002220044225222222020242225111111
11112250042112222222022223420402052222204222023002242220303220222224202342422222022222402202045222252222222255530022222322222052500222604452522242322220023002200226222023222222425043225002222220022222511111
11112222520211222222020002202202222004022242552460422222202204242654022322202422240200202024222600240222242222220005222222252042222224023232502222224222502422245225222002622502252522222052222522226222201111
11112220222211122220202002042042200222222222422430202002222223226022020222002210220422252422420202222526422232223242220232222020022222442220222432222263620220223222022222024222222222000550222622002022401111
11110020256011122223202032242250004023222222222111202302202322240225320400232111225222220222220232222220304322222420222222222352452222420002222222222225022222042202222222302223002222220220220222202020201111
11111232320220222022020222242222202222420042222510200422000220320224222222220210262222200220202220003422424422222222222222220222240226422022402522202225232222220222422112222222002332020224260022002422251111
11111120202220420220200020222252242020222425222225230200222220422202220222020222222222220222222203224222222202202222222222244026224240202222222111222222022220232200621111222222002222022205205022502522221111
11111112042203220222002222022222220225020222522422222400022052522222202402022222220202240206420223222022202230222020222222225400222022222250222111111110222200222254111111024222243022322202202222222222221111
11111122422202442220230022202230220222042600620222200224222242240222250602232242200222222024242022242005056322025225246242223222223524222022422211111111220222202231111116222202422224222222222022220223221111
11111222450640220220524222222024204022222220022420052222222220022202522242222424424003222222220220012242222222252022225022222002202202022202202021111111202242022021111122024522224632202262222000202022221111
11111222222225022222622222224222225220222422202202020222224220002503332224522202222222203402202222111222222206362222022220222302222042222246020222111110220222202001111232422202242022220202222002252002202111
11111220222224222020002222202202042262222232222254034242522022250202222523220222020422022522224201112405222200202022022340005202222554442222000226611140222024200461112220422454222330220432222424225532220111
11111020202522000020220232222232240330232262220222224142200025220424002422025302002220222202422011122222022222622420000264222204220222322206022220220022320002202211110222422322222222222220422203222322222111
11111000022202003402424220042222220222242202232222022220025424004202052322022222222026420025111111120222230330300202222424222203222222220232540225022222204020200211100402222220222320202222442004352320022111
11111205302022202452222004225022300204220022022622000002222422202222242205242422222022224421111111102422022542222203224242026052220022004622622252422222202202505511162220220222222224042224220202222302230111
11112252200025442242222022202222202305224220002044240222222224202022020542222200220442202221111111112222222225222254222222002232502202052202220222320202624002242211203040204022220225223204223225242224220111
11102520250522222222002500240222200243225224202111425220252022232222002222222222222222022251111111110302052022222222432242202043622322020220022220220224222022024020202224222242200502204002425222222022251111
11100262020220252122252242222202220242343222021111242220225022042020225002520035222200022220111111110220422202022020252226020252520202000020222226232222222304446342205232044022222260242244223025004062521111
11142022223202221110342024022052525323222222201111020022022420262222022000232242224200202204223111123322222222422222220222223222220022224222422222023422022202422222022422022422222444430222002452022222221111
11110022202220322122222424232422422224225252240111130022423220222204202220222222222522052232222221224240240522300253224204022222224230425222222222202222220000222002224222202220020242240202222220262222221111
11111224222240542020222422220232202224026232244211113402222022002022200222022225222240222222222220022222244222422222222232402222225022202202202222240522204205220222004232232225405022232222202264025202211111
11111122422320222022220220004024022222402220032011111302220222222402202220422022000022222022222452320423522220222222222432320322062020224402222222223220022254020022026022220222224222224222502002222011111111
11111130302432052420020240222022200020404020225421111120202222223422252232222220442020204500200222302522204021122222200222224202202204222422325425202246202252022022402002241142522220002522222600222111111111
11111122242240220202525222622222002532322522452222111100300200022222022222222203222020232422222322202202232011110222223202222042222202040262225202220252222220400200222240211110225200040242240240021111111111
11111002222222002242225202224220000222222200222202211232220252022240022202252222002222052222220226242204522111114220422022220222522221124202202222220222223224435224002220211112202220220422245025221111111111
11111242002402222020222220242222225223220222242222052262002222542525524233223220320202522020222422022242222111111022202222032262202211112222222422220250222222622202220022211113222200022220022022234112011111
11112022002520342224222220060522224022220220022320022052000402552222442252322262220022200022222402222220422211111222222202022242002421111220222222025620250232420520222222111122222200222220404423222022221111
11120222224222220022202223022202222222026202202222242222240222222202222522222220224022202224602232022232202201112240034402022022202222212002202022223042322022220224220022011222220242212420202204202205021111
11122020402524225462022322252242022222222202022053022220223220222022224340002222222222030222024242422222222220005020226222423520032202022520202002023222226200060225220202223000422230220250202244232252021111
11102346244242224222024252243232302023020222022022420022202242222222002226222420020222432032222254222442222420232222222322322220222002220220002422433002222022204222022220222020222622222222242222422220201111
11114224222224222020422526222440222002202233222320202224222222202202320322206423400222222222020222422225000204220002260202222322025020222022050222222202222022222220322222222522020222222302020022200020201111
11112245002224206030200222222222022320222026220424442204220222202525226322202262232000022022020222222022220043240222260302222202442553200222542024202002000220246240222222302220202222232222220000044222241111
11111322540022032420204002002200022224224222224422220222222222222502006230040224222230202000222622204044204222224422024203223222212222402022220222022242222002222233252242222202222222422000522522422252221111
11111122422322220550022222322424225242222202222222222220222222240222022222226222022223520203000020022022222220202200022222022220111040240202222220522022202223222022222025022522250232600222202223226222201111
11111102202426222224220222226232022022222266245554222320202022244024225502222420222223222042022000402020020202222240202220302222211222022402220220222232350222020022020042032222025242232002052522325220201111
11111000205325204022200022223222002022202222222222022222222220222242422442222233262422222222222000202022202224352222222202322222411222222422222220002022220002244022020022526022402242222222232202222262221111
11116025063222202224252022222222502420030220211642502222202222226220222222222222422220662222000305222220404202242022222220420226111222222222020225040222200202022522522422222046322023202222222242000332221111
11110222325224020222220320220222222420023222111120222023422205220222422220202222222402222030422222200030252022020200222200220221110252026202222204025022202046220322420202020022204002632205002032222222401111
11120222222222022225204302320056222222422222111123000242342222230222202224330222022252222222202422230222222220222242022224224021112222222222205252202220032222432424424220222022202422222222506042222425221111
11122030202202400222022445226222222322322232011112042222224320020320242252222202232222224242034220024222220205220222220225402021160222432042202220530520222422426322422222002022440222522204232022024422221111
11122022502020220202206262420050200602202222521122030024652222424202222222322232222500222522022220222222220402002422230222222420222250222422050022242224222250252222222022203052240200222222220500226622011111
11142000202200222322422022260222242022420220232022022222224022222236000062222222220222042400424020250242022200230222022200242402220222220202022220220322230024022020000202202244222060222222222220202202211111
11112242222332233220204022220225220232252520022224020020226253625020502026222002202242220222222112220222202453425020222220025242502242223222322222002242220602222224304226222222222222224622222222032002211111
11111320202222624622222226424322222222222202002224020264020223422022222222222420502222252242220222220224220644222022502640222220250232202642250222222250220220345221122223200200202404224202222220422222221111
11111224222222206222223004262222202022222222002022222222222606302220202022222422242002224222222252252022205222600022242226222222223022202242222022002222223200222211113022422442322222222200222225202232221111
11112405220222204326232232223020222232520042522222222240322220222222020326220225220222224022222222222022202202220022220252222022203224422220220200622222054022000211113262222220222022242222226222002223211111
11122226222202202222222242225422220222620020200224222222222020224262222202024222020204524523222202220222222222220022000622022422232402422202222242200022463222422021122222202200222220022322522202422222211111
11122020220222250220222224202222022220425520203422202022222523224223222232222332222224402242222252222220220222243555234222002242220200202242202222200203622002220532222222200222222002232260202232222222031111
11112222225202022020002002020220223032202222223422242022053224052642222220032320322222320020220242242222222265222262232224222222532205242222222002252042420452220222222202224222005532340220200223240222521111
11112222022022220322232002024224623022022232002520242203022306222222202222222222202522220221160232322224211042024224220022622263252202040022222222342420222240222222222222402220222252224222240022220422221111
11112222220242022222022202244025002220222022522305232202242202200322202203220421042224204511114220220402111122026022432242520222022002522222502002222242222042502222222200425422222020222222232630202222201111
11102225022222252022022042222222222020000522200224220320222040420222020222024220442002253211114030200222111102222022225222224403220052200222220022222222220025240302022224202220400220022242022420222252241111
11124222244024222302222242022022222002004222202004220222240226223220450222222422542222223221122222443432211223220020442422202222402322222203222520202222323202230522202022500232234502200020222222222222441111
11112023222222202220022220000225203460554222243222263020424022024225232220222260320222222220022022642322202205022530422222222402200224223422200222312222252320222222222532202024022222424420224222222422241111
11111322202220224625200223020002222224222202232242222222222224222022222222222222522232222220000202240525222222422220262232220404220202322224246224222222220320024022002242226232222220222405222202222234411111
11111422220225022402222432024522222222220240220222400222020022200220242022222002202022222020034222540222220220462200206420222252264220222425222422520022202200222222022242000222224200250234304224222422411111
11111222022522000406022220322200225500222342252542222022224402002224223322052220222050252222222240220022225220222222223222440222211222222222220302200002522220022202022230322020022252020221524322220220211111
11112020000202220222522242240022222242022522222222222024223220422222522220224402430423222420224024234002004220203222222203250222111122020222322220226642222225022002440222242222022222223011122230222222241111
11112220202202202222221111220322222222222502004002222223022322352222200022225224222526222224232222222322022020022462022252023222111102224042206224202020232202220222222222222022022200202421220265222222222111
11110220222232422224011111222300222522222242202422020026224252326022250205202403240202222202222222202540024222222222222240022021111422202243226422220224222525204202222222200302402202222220222004200222020111
11120222226222220403201111522222200622222242204202224225022422222302222206232422264023222222202220220222222520402422022222420231112222222222242602055342200222425222500302200222244220222223222202250202221111
11123042222422222202242240222023223222222222222042202022222222202402622005420200222222024202222203202223240620240252522262522221112022520202225260232222224222224222240252203322222220204222202242025224311111
11122020204242202223250224222202022222222220362222205022042262342250422022222222002220202222022506322262022422222023242200222601110422222432252202220022222222243222524024002223220222434664202222202222111111
11112203622020022022045222520030022025222200222222222425420260220220220420602204222222220020222220402002522322222242220240222221112324022222220220203345020002222225222222422062222222234002422220620620111111
11110226022202002222522202202220422422240202222352420202225220000022222200222202222400202203022424242602220222202020022220055241112252420222052022042223000242022202020022222252022005242220222022020322011111
11112222226222200020420422020200322420022342020220400220422020506202252200222202222222222211222225220022202420203024242220116241111222222023222220226225040022222222042440020422222242220522222202224222211111
11116402220022202220302350222222422226003222222220220222602222520242242232224235222220420111104222022052042222222422222221111225111220200202320220222222225402223422032240622222234020224402042322023202201111
11113442200222206222422242200024220200222532254525000222222252224222222052222432202222200111122232223222422220250242220401111102212202202232253224022050002202222322442242222023222222224432222202006420021111
11114222240622242024223220220242222222202222223225525022020420032220200222202232222022224111102022222302223004224222222202111112222602200355222222222435020242220202222222220222222200022222022202033220261111
11112202024202030202223262222032222202230222222022203025222222222222032040202222042220022211025242022600222332402230264222221111322400204242222222222225225222422202055222222022224030224024020002222422621111
11112422225220211422026222225220200242222200202222033402222222002202422022042232222022422420022242224230222222202265232222022111140242042225020650522032222220222220022224226203022022202022522222222552041111
11111522622262111125252222022422340242222402020502252223020004622020322222220522020204222222562222022222202002222222252022422211326242222222305022205242202523024024432205200202222222202522402062222222221111
11111102320622111111250222202200222222230522022542222222224222220224502222205222302245224205222052002522026402002222220202200202204222026052242020022252040222022322224622040240220000222225605203222322061111
11111111222224111111132204242224240202234322222222022402202202260224222262242025200322022002225242220222423220202220220242222040022022222022252600420220324022402402202200322240002224202224042242022205221111
11111111122202011111122424222202422222222222230242222222200252220223425240232422252222222220204025022222226222220222244220020522240020220200223232222320222222222222022022203442005004222332340222002042221111
11112211206222401111203202202222222420242202024022020620252222225226222220222202222222242222223602222223222230222000022220020202222522322222022222220222220222262222020224022220322324002226462022234242211111
11122222302400300022442000202224242420020232222400254253022240225020202004024222202222024024226220223224222254222222200202505302242222232022203200022200422022222222222202552424203222320200222225222422211111
11100222222202242250240502224222020250002222220205222222202220223202222022222042242242432002220422222022220242022222222342432222222202522220022202420320220222220222202240422242242542420004222222022223011111
11122224322622222242223442224000224024222222222542220220202202222223322222222262224224222506000222222604524252222022111320222222222252420400020200222222222402222202006022203222232442200322204022224222111111
11122222424320200222222222222522022434111222220242052202052200222002322222222022222222020202022220024222222022223324111111102222245022222205322423232000222220220222245322225222222252233244252022224201111111
11102220222223203020222042023222022222111022022222220042442322502342202222022202002202224242222220222022226022234302111111112246112342224003222202222033252320220202222442222202022222022522462420222201111111
11120224202252022220242242222202202202111102022220040222422222532222042222022362002502222222223250026202222224452222224221110022110244222202220240022522222203223232220222522240002402422222220202220621111111
11110405222252522222220023202022202022111122222225220220242022242222250322222262022222022060022022422222602022224222222022111201112222024034222024220422425255024242002022222222220202224200200422022422111111
11112411222030220022222222022235222402211222254224224422222222630202224222030232022202420220022222202622242422112020022202011111110352202022222204422423222021102240422022220242224242202202220222322222211111
11110311002420220404022222203245222422222450022222225520222222032222204022224222522230422020402220222620262221111220422052621111110224202022222224220222220211111222220002202232224230222024223223225222221111
11114511102222244222222530022022020220220223500503552222222022220222422203055223322025222220204222022023002241111002406622221111104242232222522222205222200311111142222020022222226322222222022022222022221111
11112211123002022114022220433226525242002223200242222224200422202202220252242022420202202303034220222024030022114220220022421111244241222202202522242222222221111152324440410205242222225022322224222200221111
11112222022220321111252202222422522422022025020222442202222220202042260020222002220232236222022062320322342004402222042222221112225022222022332220222020022260011022222224111422022042222022204332220202221111
11115522202222221111222002452222222222023202226350422225022222022252205211000022230230222202222420222422322522202232220220022122222224202002650252020322422242022022002225222600222222022200205222022242221111
11112222230202024115000252225220022011402256023222625232022222220020032111120032252022220222220200202222322205222222222202020020062202222322420062000411222220022202022052202252403225020240025023022522221111
11111222222040425224034220222234424111122022222220224020020220222052344111112222220000222220325222202202220225222222224222502420322222220222220202202211102235222022422452422222222022222224002022220222321111
11111120024242422222342200222242222111142222022242202304222202222422222211112222020222025222224202225222200203522522022622242224222022222204222222222201100024202220222520242020220202220222422322202222211111
11111112203222222022322222222222202211222200222220222222222042022400222251132222224220422002222022223222352204420202022243052222222022220202003022202245606222222225222230022224222602022422222320220022211111
11111112222520224202202202625002222222202250233262230222202042062200222232222242202225442252222020242222234042222022402222022022222245022204325225000252242222022222202224022032020222302200020222222452211111
11111142202222222004232220422320222022202022022444020004000022042030220222222022242252242020242200220002224220002220222020202222224224222222242402042022424022220222222202420220202322422255220220222225511111
11111122044222262022034223202202025203202222222222443042242423022522222022202023022220222405320223644224022224240250211122020222222222424004043255242232322022423022202402240522202222232222002232220022211111
11111114222002222422042242022222226232022022220222222220420204042222222250442202224202222252220222022006224223242222221000020024222222222242022232222242222224422320522222044222242222243222020224220042011111
11111111220042226220040230220022022220220022222222022020623022522400220222422502222222223222224226226222202222220020322202403222022202500020202422240620622022222222202220522002245220422222002222252222011111
11111111200242230222226222234222201005220400200232543024522232302365222222422242542020202220222202220222020022220222620002224220504020222023222222225522222405222522202224232502023220242420222022022622211111
11111110020232222200222222332223420002000220602222252402224234225202222402222222232322222224252242522222542322220220020200422220322422220423022242202220224202242202022202520255322230222225222222322522111111
11112220020222204222222220220222222223322204002002222240004222262422022255226240022242225022222042204012222222224422252002202222223205222402222220202034222220220224222222224022200422220005422222240211111111
11102002060202222242240222224222222042220223050220022022202042222420020225002220222222222422032224202110000220042222022022002322422222222422022220020222200024022252203222222222220222222245222002253111111111
11102023222225022420045000204220232422222022222242022224202422225220422222502225220222050200322222502212022224022222362502042220223222422222322022024222442042262562032202202220220222253022222223224111111111
11100002220422222224222111254223220220520022222242022202232552222024242220422202220424220220220222230224020422222252222322230002222052226226200502552222222623000224040220022223402200224024220222022211111111
11142002223222222322002111122222204022220222222520320022252224232232424224122024022202220202222200232222000422220225222242222220224220022220204222422002222022004022022224022222252202222325042202520222211111
11112222204022222202002111132004242200122042400244522222020022222032203221112522022020223224022224622222022222023202200022220222242004632423242222264252112220522222002205460262222232202222622242624420221111
11110423224222202200022211222022222420102520224022223232220422002522022211112520420022224222404223222030342224222226564442202222522222222223022222243241111220222402022204422232020240254222222222202622225111
11112242442222004220040222242522620260222222002022222222222202222202222211110522222500002222222222222020222625003255242420322022200222020021304222222221112404202263323042222225200040622220220525221142202111
11102022222020224220420022524222000020022425202020202422250220002240022001112322226202024242112002302232222324022422224522223002220022503211122602200322202222222202322022202222220223002225560202111112402111
11122220252245262205620262202222240024222322200424442220025224442224222201120222202205422021111202200220202222022226222442222202222222242321222222222222022202222222220030230022022222030022222201111112232111
11152222222222020226220220202224050522232402222522242002522402242224222221124222000302242211111502052202222202222524025222222224220420222222024022224600250532202532202222224200220232420224223252111122240111
11112252432322202311223023220426222224224202242242222244652200040202042051112222202430252211111220042223242205252222222202502022320200222220222322244202025220022224422040255243220022220622422232020222650111
11112222220320032111103024222226220222632222232022420242222222222220422011111220042224222211122112620222222022022322220322222222340233022222222240222202052224222202222224225222222020022222222045252202222111
11112222250252022111102302032252220222222232264422202223222202202250240511111150242222202220202111050202222020420220020222221112244222622042220220222252222222222222220023222321122224402222222222222020222111
11100224222020222111202200022522204223020220222222022242222222022025222211111110222222222224021111224202022042222202545242020160222002222022020202402236422202222443320262022211122002202223020005422222202111
11142222222224202111222222202203224202222224202220222222202522222022422311111111002222022202201112264042200424022302223022404004202232200200420320200240222523262222202640000211122232222204000222112202220111
11122022002225222111522222044032022242222202442526222422020220230020200422211111242520242422200062223352300202320222522252424202235252230230302232202220052242222522222223224011222222220002000001111232220111
11112422240222224211104222422422342220220242222252200522225040340222222224201112250222220222202220202222600040322220222022202320222225223022202065232002422222244252004202222011524022340000440241111120022111
11112400221220222221202220242420334220222042020022404420422235222022200022221103222222224205220222652224002022220222022002550222222054022220422202252222560522022242222242220411303022224242223241111133402111
11114200211122220230024200220242242222022220220200222202220224522022222520221124202220302322222525222222252424022000302222220205222232220022522522222222205222222022202422222111222022202220222421111222221111
11112220001222225242242020222220224402242222220002420222222254406222020324221122222042222222222222202222242223602402222426242202622222225220400222003220022220222220202522211112022526042025520220110222021111
11111222222620302223222202202442452222222202240022205222232442222222222222251100242222040222000232200222220022022224230222522212200220204322220200002222222232000235222202211112220224322622222223202522001111
11111122022202220202220220222224222222000522244220222622220422222222002222222324520346220222420022252222202022222022022225200111222200222262020200232222024264200322204003211102022402402422002235022220211111
11111122445200254202222400530252222042240322022222024540202202222002220622022222240220220220224222411126252220222002222242220212402202260502022240220220222222202202022252522222202220222622002232022322211111
11111125223003425046220220222222402424422222026022222224232222222222200022322202024242222220222240111122342222222222522220002220222221422222222244203023220002004022402222252202240402020200245222004224221111
11111002025204422230222420202222542222204242224022204222022202242002200024200222222220022220201111111140222222020230622542022224202211120022222023252223220520222403442222220036522220220234222202302202220111
11111222222222422023202325422222522226244222203020203622320420242602020226202222222224232002011111111220424222224252202222222002252221200022020222023232224222220242220222222322222224220211202202200242002111
11111322224625222426520224222223202002222222032402322002222222422002224200002225520222022022311111110224222320205020222044200244240222032222202022223052255002222222002206200264222224224611042042002022221111
11111204052222606222222232222422222222222522025262322222052222220222202025002225224252222423221122024222222222242114220112220222062222222203202040242555022222022224522243220202222022632222322234023020021111
11112402230024250025222222220222025026233222022122200022222224520200220224230224022322222502422322222022322022020112221111202220222222520224252023323222022245220032222222262222205222222202222222322504021111
11112202023022022022222200222022202223622222261112222022422022202250226522022222002222222222222525502202205422236222211111202202220226220242232022222003522226222020242022502225402202205052222222424252301111
11114220322424022022202222111122220222222222311124002462202422222023242222020200240232202242252222234220022243245022111110432020220202220220020500000222220411102020622220225202242202022022244226302242211111
11112023222222220402002422111100252200402202111222224202200420502452222002222202223020220022220200222004222223222021111220240200220202220020222302020202222211110224202042202622022222022322022525202222111111
11110202222200204222002242411100022222334222214240222220502222222220222440222224222205222203422220522422262222006201110222222242244022232422222222224023222021100025222222200422022620042220420242220222111111
11110200223222222222112522200222222242242232022222222226242023224424202222402022220042202022202522222220400020202242222202022432222240225400232232202022200200222252255222004222222225422220520022220202111111
11122042022622232021111222020204222622032226422000222402442222221132022402223223322220222222222202220023242022020023020240520220220022202224225022222222020222423222222222022242422262220225200220200000211111
11122220022222222221111020022502422022023260202624552223222022211110240222222224522042002222223222222025020042222025200020402240223005222202522202020222222232222204522320502422232222020522623024200624021111
11112200422222222242111422002402200020322622022222220222220222011112042220262222252032022220202222202522223220222022205202502324202426222222222222222220222032222222220222202202222044232200004022204222221111
11112622222246022242011122420232244242322642002022222420220020221122222222202020222422222522220022020222222202222020222200222222640202220222022202260424220224202224222222002222022422222503022422545220221111
11112332222542222222211102220022211222202224634022220223202222022222242611202222220201122411225204020225200222200020220222022052222040222232422025220611320022422222240242220250241112320225222222242222241111
11111621102222204223111112202225111122250022242211112524220424202202262111152222205211111111122411130222222112222302022025202222225522021111202525245111103022402222222222244224011111102111122211132222211111
11111111112221111111111111524221111111222222232111111111142111111111111111112202211111111111111111112022051111111111111102111132011111111111111111111111111111142222224211111122111111111111111111112222111111
11111111111111111111111111111111111111111111111111111111111111111111111111111111111111111111111111111111111111111111111111111111111111111111111111111111111111111111111111111111111111111111111111111111111111
11111111111111111111111111111111111111111111111111111111111111111111111111111111111111111111111111111111111111111111111111111111111111111111111111111111111111111111111111111111111111111111111111111111111111
11111111111111111111111111111111111111111111111111111111111111111111111111111111111111111111111111111111111111111111111111111111111111111111111111111111111111111111111111111111111111111111111111111111111111
