# Map Size (H x W): 156 x 206
# Start Position (original index): (np.int64(132), np.int64(97))
# Exit Position (original index): (100, 75)
# --- Map Data Below ---
1 1 1 1 1 1 1 1 1 1 1 1 1 1 1 1 1 1 1 1 1 1 1 1 1 1 1 1 1 1 1 1 1 1 1 1 1 1 1 1 1 1 1 1 1 1 1 1 1 1 1 1 1 1 1 1 1 1 1 1 1 1 1 1 1 1 1 1 1 1 1 1 1 1 1 1 1 1 1 1 1 1 1 1 1 1 1 1 1 1 1 1 1 1 1 1 1 1 1 1 1 1 1 1 1 1 1 1 1 1 1 1 1 1 1 1 1 1 1 1 1 1 1 1 1 1 1 1 1 1 1 1 1 1 1 1 1 1 1 1 1 1 1 1 1 1 1 1 1 1 1 1 1 1 1 1 1 1 1 1 1 1 1 1 1 1 1 1 1 1 1 1 1 1 1 1 1 1 1 1 1 1 1 1 1 1 1 1 1 1 1 1 1 1 1 1 1 1 1 1 1 1 1 1 1 1
1 1 1 1 1 1 1 1 1 1 1 1 1 1 1 1 1 1 1 1 1 1 1 1 1 1 1 1 1 1 1 1 1 1 1 1 1 1 1 1 1 1 1 1 1 1 1 1 1 1 1 1 1 1 1 1 1 1 1 1 1 1 1 1 1 1 1 1 1 1 1 1 1 1 1 1 1 1 1 1 1 1 1 1 1 1 1 1 1 1 1 1 1 1 1 1 1 1 1 1 1 1 1 1 1 1 1 1 1 1 1 1 1 1 1 1 1 1 1 1 1 1 1 1 1 1 1 1 1 1 1 1 1 1 1 1 1 1 1 1 1 1 1 1 1 1 1 1 1 1 1 1 1 1 1 1 1 1 1 1 1 1 1 1 1 1 1 1 1 1 1 1 1 1 1 1 1 1 1 1 1 1 1 1 1 1 1 1 1 1 1 1 1 1 1 1 1 1 1 1 1 1 1 1 1 1
1 1 1 1 1 1 1 1 1 1 1 1 1 1 1 1 1 1 1 1 1 1 1 1 1 1 1 1 1 1 1 1 1 1 1 1 1 1 1 1 1 1 1 1 1 1 1 1 1 1 1 1 1 1 1 1 1 1 1 1 1 1 1 1 1 1 1 1 1 1 1 1 1 1 1 1 1 1 1 1 1 1 1 1 1 1 1 1 1 1 1 1 1 1 1 1 1 1 1 1 1 1 1 1 1 1 1 1 1 1 1 1 1 1 1 1 1 1 1 1 1 1 1 1 1 1 1 1 1 1 1 1 1 1 1 1 1 1 1 1 1 1 1 1 1 1 1 1 1 1 1 1 1 1 1 1 1 1 1 1 1 1 1 1 1 1 1 1 1 1 1 1 1 1 1 1 1 1 1 1 1 1 1 1 1 1 1 1 1 1 1 1 1 1 1 1 1 1 1 1 1 1 1 1 1 1
1 1 1 1 1 1 1 1 1 1 1 1 1 1 1 1 1 1 1 1 0 0 1 1 1 1 1 1 1 1 1 1 1 1 1 1 1 1 1 1 1 1 1 1 1 1 1 1 1 1 1 1 1 1 1 1 1 1 1 2 1 1 1 1 1 1 1 1 1 1 1 1 1 1 1 1 1 1 1 1 1 1 1 1 1 1 1 1 1 2 2 2 2 0 1 1 1 1 1 1 1 1 2 2 1 1 1 1 1 1 1 1 1 1 1 2 1 1 1 1 1 1 1 1 1 1 2 2 2 2 1 1 1 1 1 1 2 2 2 1 1 1 1 1 1 1 2 2 2 1 1 1 1 1 1 1 1 1 1 1 1 1 1 1 1 1 1 0 2 2 1 1 1 1 1 1 1 1 1 2 2 1 1 1 1 1 2 2 2 1 1 1 1 1 1 1 1 1 1 1 1 1 1 1 1 1
1 1 1 1 1 2 2 0 2 2 1 1 1 1 1 1 1 1 1 2 2 0 2 1 1 1 1 1 1 1 1 1 2 2 2 2 1 1 1 1 1 1 1 1 1 1 1 1 1 1 1 1 1 1 1 1 1 2 2 0 2 1 1 1 1 1 1 1 1 1 1 1 1 1 2 2 2 0 2 1 1 1 1 1 1 1 1 1 2 2 2 2 0 0 2 1 1 1 2 2 2 2 2 2 2 0 2 2 2 2 2 1 1 1 2 2 2 1 1 1 1 1 1 1 1 2 2 2 2 0 2 2 2 2 2 2 0 2 2 0 0 1 1 1 1 2 2 2 2 2 1 1 1 1 2 0 2 2 2 2 1 1 1 1 1 1 2 0 2 2 2 1 1 1 1 1 1 1 2 2 2 2 3 2 2 2 2 2 2 2 1 1 1 1 1 1 1 1 2 2 1 1 1 1 1 1
1 1 1 1 2 2 2 0 2 2 2 1 1 1 1 1 1 1 2 2 0 2 2 2 1 1 1 1 1 1 1 2 2 2 2 2 0 1 1 1 1 1 1 1 1 1 1 1 1 2 2 2 1 1 1 2 2 0 2 2 2 1 1 1 1 0 2 1 1 1 1 1 1 2 2 2 0 0 2 2 2 1 1 1 2 2 2 2 2 2 2 2 2 2 0 2 2 0 2 2 2 2 2 0 2 2 0 2 2 2 2 1 1 1 2 2 2 1 1 1 1 1 1 1 2 0 2 2 2 2 2 0 0 2 2 2 2 2 2 2 2 2 1 1 2 2 2 2 2 2 0 1 1 2 2 2 2 2 2 2 0 2 1 1 1 1 2 0 2 2 3 2 2 1 1 1 1 2 2 2 2 2 2 2 2 2 2 0 2 2 2 1 1 1 1 1 1 2 2 2 0 1 1 1 1 1
1 1 1 1 2 2 2 2 0 2 2 3 1 1 1 1 1 1 0 2 2 2 2 2 1 1 1 1 1 0 2 0 2 2 2 0 2 2 1 1 1 1 1 1 0 2 0 1 1 2 2 0 1 1 2 2 2 2 2 2 2 1 1 1 2 2 3 2 1 1 1 1 2 2 2 2 0 2 2 0 0 2 2 2 2 2 2 0 2 2 2 2 0 0 2 2 2 0 0 2 2 2 2 2 2 2 0 0 2 2 2 1 1 1 2 2 0 2 1 1 1 1 1 2 2 2 0 2 2 2 2 2 2 2 2 0 2 2 2 0 2 0 2 2 2 0 2 2 0 0 2 2 2 2 0 2 2 2 0 2 0 2 2 1 1 2 2 2 2 2 2 2 2 2 2 3 2 2 2 2 2 2 0 2 2 0 0 2 2 2 2 1 1 1 1 1 2 2 2 0 2 1 1 1 1 1
1 1 1 1 1 2 0 2 2 2 2 1 1 1 1 1 1 2 2 2 2 2 2 2 1 1 1 1 0 2 2 2 0 0 0 2 2 2 1 1 1 1 1 1 2 2 2 2 2 2 2 2 1 1 2 2 2 2 2 2 2 2 2 2 2 2 2 2 1 1 1 2 2 2 0 0 2 1 1 2 2 2 2 2 2 0 2 2 2 2 2 2 2 2 2 0 2 0 2 2 0 2 2 2 2 2 2 2 2 0 0 2 1 2 2 2 2 2 2 1 1 1 1 2 2 2 2 2 0 2 0 2 2 2 0 0 2 2 2 2 2 0 0 2 2 2 2 0 2 2 0 0 2 0 2 2 2 2 1 1 2 2 2 2 2 0 2 0 0 0 2 2 0 0 0 2 2 0 0 2 0 0 2 2 2 2 2 2 2 3 0 1 1 1 1 2 2 2 2 2 2 1 1 1 1 1
1 1 1 1 1 1 2 2 2 2 1 1 1 1 1 1 2 2 2 2 2 2 2 1 1 1 2 2 2 2 2 2 2 2 2 3 2 0 2 1 1 1 1 1 2 2 2 2 2 2 2 2 1 1 2 2 2 0 0 2 2 2 2 2 0 0 2 2 1 1 1 2 0 2 2 0 0 1 1 1 3 2 0 2 0 2 0 2 0 2 0 2 2 2 0 2 2 2 2 2 2 2 0 2 2 2 0 0 2 0 0 2 0 2 0 2 2 0 2 0 1 1 1 2 2 2 2 0 0 2 2 0 2 2 2 2 2 0 0 2 2 2 0 2 2 2 2 2 0 2 2 2 2 0 2 0 2 1 1 1 1 2 2 2 2 2 2 2 2 2 2 2 2 2 0 2 2 0 2 2 2 2 0 2 2 2 0 2 2 2 1 1 1 1 1 2 0 2 2 2 2 1 1 1 1 1
1 1 1 1 1 1 1 2 2 0 1 1 1 1 1 1 0 2 2 2 0 0 1 1 1 2 2 2 2 0 2 1 1 1 1 1 2 2 0 2 1 1 1 1 2 0 2 2 2 2 2 2 1 1 1 2 0 2 2 2 2 2 2 2 0 2 2 0 1 1 1 2 2 2 2 2 0 1 1 1 1 1 2 2 2 0 2 2 2 2 2 2 2 2 2 2 0 2 2 2 2 2 2 2 2 2 0 2 2 2 2 2 2 2 2 2 2 2 2 2 0 2 2 2 2 0 2 0 2 2 2 2 2 2 2 2 0 2 2 2 2 2 2 2 2 2 2 2 0 0 2 2 2 2 2 2 1 1 1 1 1 2 2 2 0 0 2 2 2 1 1 1 2 3 0 2 2 2 2 2 0 2 2 2 2 2 2 2 2 2 1 1 1 1 1 2 2 3 2 2 0 2 1 1 1 1
1 1 1 1 1 1 1 2 0 2 1 1 1 1 1 1 2 2 2 2 2 3 1 1 2 0 2 2 0 2 1 1 1 1 1 1 1 2 2 2 0 1 1 1 1 2 2 0 2 2 2 2 1 1 1 2 0 2 0 2 0 0 0 2 2 2 0 2 1 1 1 2 2 2 2 2 2 1 1 1 1 1 1 2 2 2 0 2 3 2 0 2 2 2 2 2 1 1 2 2 2 2 2 0 2 2 2 2 2 0 2 2 2 2 2 2 2 0 2 0 2 2 2 2 0 2 2 2 2 0 2 0 2 2 0 3 2 2 2 2 2 2 2 2 0 2 2 2 2 2 2 2 2 2 2 2 1 1 1 1 1 2 2 2 2 2 2 0 2 1 1 1 1 2 2 2 2 2 0 2 2 2 2 2 2 0 0 2 2 2 1 1 1 1 1 2 2 2 2 2 0 2 1 1 1 1
1 1 1 1 1 1 1 2 2 2 1 1 1 1 1 1 0 2 2 2 2 0 1 1 2 2 3 0 2 2 1 1 1 1 1 1 1 2 2 2 2 1 1 1 1 2 2 0 2 2 2 2 2 1 1 2 2 2 2 2 2 2 2 2 2 2 0 1 1 1 1 1 2 2 2 2 1 1 1 1 1 1 1 2 2 2 2 2 2 0 2 2 0 2 0 0 2 0 2 2 2 2 2 2 2 0 2 2 2 2 2 2 2 2 0 0 2 2 2 2 2 2 0 2 2 2 2 2 2 2 2 2 2 2 2 0 3 3 2 2 2 2 2 2 2 0 2 2 2 1 2 2 0 2 0 2 1 1 1 1 1 1 0 2 0 2 2 2 2 1 1 1 1 2 2 2 2 0 2 2 2 2 2 0 2 2 2 2 2 2 1 1 1 1 1 2 2 2 1 2 0 0 2 1 1 1
1 1 1 1 1 1 2 2 0 2 1 1 1 1 1 2 2 2 2 2 2 3 1 1 1 2 2 2 2 2 2 1 1 1 1 1 1 2 2 2 2 2 1 1 2 0 2 2 2 2 1 2 0 2 0 2 2 2 2 2 0 2 2 2 2 2 1 1 1 1 1 1 1 1 1 1 1 1 1 1 1 1 1 1 0 0 0 2 2 2 2 2 2 2 2 2 2 0 2 2 2 2 0 2 0 2 2 3 2 2 2 2 0 2 2 0 2 2 0 2 2 0 2 2 2 0 2 2 0 2 2 0 2 0 2 2 0 2 0 0 2 2 2 2 2 2 2 2 1 1 1 2 2 2 2 2 1 1 1 1 1 1 1 1 2 2 2 2 2 0 1 1 2 2 2 2 2 0 2 2 2 2 2 0 2 2 2 2 0 1 1 1 1 1 2 0 2 1 1 1 2 2 1 1 1 1
1 1 1 1 1 1 2 2 0 2 2 1 1 1 2 2 2 0 2 2 2 2 0 1 2 2 2 0 2 0 2 1 1 1 1 1 1 2 2 2 2 2 2 2 2 2 2 2 2 1 1 1 2 2 2 2 2 0 2 2 0 2 2 2 2 0 1 1 1 1 1 1 1 1 1 1 1 1 1 1 1 1 1 1 1 0 0 2 2 2 2 2 2 2 0 2 2 2 2 2 2 2 2 2 2 2 1 1 0 2 2 3 2 1 2 2 2 2 2 2 2 2 2 2 2 2 2 2 2 2 1 1 2 2 2 2 2 2 2 2 2 2 2 2 0 2 2 2 2 1 1 1 2 2 2 1 1 1 1 1 1 1 1 1 1 2 2 2 2 0 2 2 2 0 2 2 2 2 2 2 3 2 2 1 1 2 2 2 1 1 1 1 1 1 2 2 2 0 1 1 1 1 1 1 1 1
1 1 1 1 1 2 2 0 2 2 0 0 0 2 2 2 2 2 2 2 2 2 2 2 0 2 0 2 2 2 0 1 1 1 1 1 1 2 2 0 2 2 2 2 2 2 0 2 2 2 1 0 2 2 0 2 0 2 2 0 0 2 2 2 2 0 1 1 1 1 1 1 1 1 1 0 0 2 2 2 1 1 1 1 1 1 0 2 2 2 2 2 2 2 2 2 2 1 1 2 2 2 2 2 0 1 1 1 1 1 2 2 1 1 1 2 2 2 3 2 2 2 2 2 2 2 0 0 2 2 1 1 1 2 2 2 2 2 2 2 2 3 0 2 0 2 2 2 2 2 2 1 1 1 1 1 1 1 1 1 1 1 1 1 1 0 2 2 2 0 2 2 2 0 2 0 2 2 2 0 0 2 1 1 1 1 2 2 1 1 1 1 1 1 1 2 0 0 1 1 1 1 1 1 1 1
1 1 1 1 2 0 0 0 2 2 2 2 2 2 0 2 2 2 0 2 2 2 2 2 2 0 2 2 2 0 2 1 1 1 1 1 0 2 2 2 2 2 0 2 0 0 2 0 2 2 2 0 2 2 2 2 2 2 2 2 2 2 2 2 2 2 1 1 1 1 1 1 1 1 2 2 2 2 2 2 2 1 1 1 1 1 2 2 2 0 2 0 2 2 0 2 2 1 1 1 0 0 2 2 2 1 1 1 1 1 1 1 1 1 1 2 2 0 2 2 2 2 2 2 2 2 2 2 2 2 2 1 0 0 2 2 2 2 0 2 2 2 2 2 2 0 2 2 2 0 2 2 1 1 1 1 1 1 1 1 1 1 1 1 2 2 2 2 0 2 2 0 2 2 0 2 2 2 2 0 2 2 1 1 1 1 1 2 2 1 1 1 1 1 1 1 2 1 1 1 1 1 1 1 1 1
1 1 1 1 0 2 2 0 2 2 2 2 2 0 2 0 2 2 2 2 2 2 0 2 2 2 0 2 2 0 2 1 1 1 1 2 2 2 2 2 2 2 2 2 2 2 2 2 2 0 2 0 2 2 2 2 2 2 2 2 2 2 2 2 2 1 1 1 1 1 1 1 1 1 2 2 2 2 2 0 2 2 1 1 1 1 2 0 2 2 2 2 2 2 2 0 2 1 1 1 2 0 2 2 2 1 1 1 1 1 1 1 1 1 1 2 2 0 2 2 2 2 0 2 2 2 2 2 2 2 2 0 2 2 2 0 2 0 2 2 0 2 2 2 2 2 2 0 2 0 2 2 1 1 1 1 1 1 1 1 1 1 3 2 2 2 2 2 2 2 2 2 2 2 2 2 3 2 2 0 2 2 1 1 1 1 1 2 2 0 1 1 1 1 1 1 2 1 1 1 1 1 1 1 1 1
1 1 1 1 2 2 2 0 2 0 2 0 2 0 2 2 2 3 0 2 2 0 2 2 2 2 2 2 2 0 2 2 1 1 2 2 0 0 2 2 0 2 0 2 1 1 2 3 2 2 2 0 2 2 2 2 0 2 0 0 0 2 1 1 1 1 1 1 1 1 1 1 1 1 2 2 2 2 0 0 2 2 1 1 1 1 1 2 2 0 2 0 0 2 2 2 0 2 1 1 2 2 0 2 2 2 1 1 1 1 1 1 1 1 2 0 0 2 2 2 2 2 2 2 2 2 3 2 2 0 2 0 2 0 0 2 2 2 2 2 2 1 1 1 1 1 2 0 2 2 2 2 2 1 1 1 1 1 1 1 1 0 2 0 2 2 2 2 2 2 2 2 2 2 2 0 2 2 2 2 0 2 0 1 1 1 1 2 2 2 1 1 1 1 1 1 2 1 1 1 1 1 1 1 1 1
1 1 1 1 2 3 2 2 2 2 2 2 2 0 2 2 2 2 2 0 2 0 2 2 2 2 0 2 2 2 2 0 2 3 2 2 3 0 2 2 0 2 2 1 1 1 1 1 1 1 1 2 2 2 2 3 2 2 0 2 2 1 1 1 1 1 1 1 1 1 1 1 1 1 2 2 2 2 2 2 2 2 2 1 1 1 1 1 1 2 0 2 2 2 0 2 2 2 1 1 1 2 2 2 0 2 2 1 1 1 1 1 1 1 2 2 2 2 0 2 2 0 2 2 2 2 0 0 2 2 2 2 2 0 0 0 2 2 2 2 1 1 1 1 1 1 1 1 2 2 2 2 2 0 2 2 0 1 1 1 1 2 2 2 0 0 2 2 2 2 0 2 2 2 2 2 2 2 0 2 3 2 2 2 1 1 1 2 2 2 2 1 1 1 1 1 2 1 1 1 1 1 1 1 1 1
1 1 1 1 0 2 2 2 2 2 2 2 2 2 2 2 2 2 2 0 2 2 0 2 0 0 2 2 2 2 2 2 0 2 2 2 2 2 2 2 2 2 1 1 1 1 1 1 1 1 1 1 1 1 2 2 2 0 2 2 2 1 1 1 1 1 1 1 1 1 1 1 1 1 2 2 2 2 2 2 2 2 2 2 1 1 1 1 1 1 2 2 2 0 0 2 0 0 1 1 1 0 2 0 0 2 2 2 2 1 1 1 1 2 0 2 2 2 1 1 1 2 0 0 2 2 2 2 2 2 0 2 2 2 2 2 2 2 2 1 1 1 1 1 1 1 1 1 1 1 1 0 2 0 2 2 0 1 1 1 0 2 2 2 2 2 2 2 2 2 0 2 2 2 2 2 2 2 2 0 2 2 2 2 2 1 1 2 2 2 0 1 1 1 1 1 2 1 1 1 1 1 1 1 1 1
1 1 1 1 2 2 2 2 2 0 2 2 2 2 2 2 2 2 2 2 2 2 2 0 2 2 0 0 0 2 2 0 2 2 0 2 0 2 2 2 2 1 1 1 1 1 1 1 1 1 1 1 1 1 2 2 2 2 2 2 0 2 1 1 2 2 0 2 1 1 1 1 1 2 2 0 2 2 1 1 1 2 2 2 2 1 1 1 1 1 1 2 2 2 2 0 2 1 1 1 1 2 2 2 2 2 0 2 2 0 1 1 1 2 2 2 2 1 1 1 1 1 1 0 2 0 2 2 2 0 3 2 2 2 2 0 0 2 2 1 1 1 1 1 1 1 1 1 1 1 1 2 2 2 2 2 1 1 1 1 2 2 2 2 2 2 2 2 0 2 2 2 2 0 2 2 2 2 2 0 0 2 2 2 0 1 1 2 2 2 2 1 1 1 2 2 0 1 1 1 2 2 1 1 1 1
1 1 1 1 2 2 2 2 2 0 2 2 2 2 2 3 2 0 2 2 2 2 2 2 0 2 2 2 2 0 2 0 2 2 2 2 2 0 2 2 0 1 1 1 1 2 0 0 2 1 1 1 1 1 2 2 0 2 2 2 2 2 2 2 2 2 0 0 2 1 1 1 1 2 0 0 2 2 1 1 1 1 2 2 2 1 1 1 1 1 1 2 2 0 2 2 0 1 1 1 1 2 2 2 2 0 2 0 0 2 2 1 2 2 2 0 1 1 1 1 1 1 1 2 0 2 0 2 0 2 2 0 2 2 2 0 2 2 2 0 1 1 1 1 2 0 0 0 1 1 1 2 2 2 0 1 1 1 1 1 1 1 1 1 1 1 1 1 1 1 1 1 1 1 1 1 1 1 1 1 1 1 1 1 1 1 1 1 0 2 1 1 1 1 2 2 2 1 1 1 2 2 1 1 1 1
1 1 1 1 1 2 1 1 2 2 2 2 2 2 2 2 0 2 2 2 2 2 0 2 2 2 2 0 2 2 0 2 2 2 2 2 0 2 0 2 2 2 1 1 2 2 2 2 2 2 1 1 1 0 2 2 2 2 2 2 2 2 2 2 2 2 2 2 2 2 1 1 2 0 2 2 2 2 2 1 1 1 1 2 2 1 1 1 1 1 1 1 2 2 0 2 0 1 1 1 1 2 2 2 2 2 2 2 2 2 2 2 3 2 2 2 1 1 0 2 1 1 1 2 2 2 0 2 2 2 0 2 2 2 0 2 0 0 0 2 2 0 2 2 2 2 2 2 2 2 2 0 2 2 2 1 1 1 2 2 2 0 0 2 2 2 2 2 3 2 2 3 0 2 2 2 2 2 2 2 2 2 0 2 2 2 0 1 2 2 1 1 1 2 2 2 0 1 1 2 2 1 1 1 1 1
1 1 1 1 1 1 1 1 1 1 1 1 1 1 1 1 2 2 2 2 2 0 2 2 2 2 2 2 2 2 2 2 2 2 2 0 0 2 0 2 2 2 2 2 2 2 0 2 2 2 2 0 2 0 2 2 2 2 2 0 0 0 0 0 2 2 2 2 0 2 2 2 2 0 2 2 2 2 2 0 1 1 1 1 1 1 1 1 1 1 1 1 2 2 2 2 2 2 1 1 1 1 2 2 0 2 3 2 2 2 2 2 2 2 2 2 2 0 2 0 2 0 2 2 2 0 2 0 2 2 2 2 2 2 0 2 2 2 2 2 2 2 2 2 0 2 2 2 2 2 2 2 2 2 2 2 1 1 2 1 2 1 0 1 2 1 2 1 2 1 2 1 2 1 2 1 2 1 2 1 2 1 2 1 2 1 0 1 2 1 1 1 1 0 2 2 0 2 2 2 2 1 1 1 1 1
1 1 1 1 1 1 1 1 1 1 1 1 1 1 1 1 1 2 2 2 2 2 2 2 0 2 2 2 2 2 2 0 2 2 0 2 2 0 2 0 2 2 2 2 1 1 2 2 2 2 2 2 2 2 0 0 2 1 1 0 2 2 2 2 0 2 0 2 0 2 2 0 2 0 2 2 2 0 0 2 1 1 1 1 1 1 1 1 1 1 1 1 0 0 2 3 0 2 2 2 1 1 1 1 2 2 2 2 0 2 2 2 2 0 2 2 0 2 2 2 2 0 2 2 0 2 2 2 2 2 2 2 2 2 0 1 1 2 2 2 2 0 2 2 2 2 2 2 2 0 0 2 2 0 0 2 2 1 2 2 2 0 2 2 0 0 2 0 2 2 0 2 2 0 2 2 2 2 2 2 0 2 0 2 2 2 2 1 1 1 1 1 2 2 2 3 2 2 2 2 2 1 1 1 1 1
1 1 1 1 1 1 1 1 1 1 1 1 1 1 1 1 1 1 2 2 2 2 2 0 2 2 1 1 2 2 2 0 2 2 2 2 2 2 0 2 2 2 2 1 1 1 1 2 2 2 0 2 2 2 0 2 1 1 1 1 2 2 1 1 2 2 2 2 0 2 2 2 2 2 2 2 0 0 2 1 1 1 1 1 1 2 2 2 2 1 1 2 2 2 2 0 2 0 2 2 2 1 1 1 1 2 2 2 2 3 2 2 2 2 2 0 2 2 2 0 2 2 2 2 2 2 0 2 2 0 2 2 2 2 1 1 1 1 1 1 1 2 2 2 0 0 3 2 2 2 2 2 2 2 2 2 2 1 2 1 2 1 2 1 2 1 2 1 2 1 2 1 2 1 2 1 2 1 0 1 2 1 2 1 2 1 0 1 1 1 1 1 2 2 0 2 2 2 0 2 1 1 1 1 1 1
1 1 1 1 1 1 1 1 1 1 1 1 1 1 1 1 1 1 1 2 2 0 2 0 0 1 1 1 1 2 2 2 0 2 2 2 2 0 2 2 2 2 1 1 1 1 1 2 2 0 2 2 2 0 2 2 1 1 1 1 1 1 1 1 1 2 0 3 2 3 2 2 0 2 2 0 2 2 1 1 1 1 1 1 2 2 2 2 2 2 2 2 0 0 2 2 2 3 2 0 2 0 1 1 1 1 0 2 2 2 2 2 0 2 2 2 2 3 2 0 0 2 2 2 0 2 2 2 2 2 0 2 2 1 1 1 1 1 1 1 1 1 2 2 2 0 2 2 2 2 2 2 0 2 0 2 2 1 0 2 2 0 2 0 2 3 2 2 2 0 2 2 2 2 2 2 0 2 2 2 0 2 2 2 2 0 2 1 2 1 1 2 2 2 2 2 2 2 1 1 1 1 1 1 1 1
1 1 1 1 1 2 2 0 2 2 2 0 0 2 2 1 1 1 1 1 1 1 1 1 1 1 1 1 1 2 2 2 2 2 0 2 2 3 2 2 2 0 1 1 1 1 2 2 2 0 0 2 2 2 2 2 1 1 1 1 1 1 1 1 1 2 2 2 2 2 2 2 2 2 2 2 0 2 1 1 1 1 1 1 2 2 2 0 2 2 2 2 2 2 2 2 2 2 0 2 2 2 1 1 1 1 1 2 2 2 2 2 2 0 2 2 2 2 1 1 1 1 1 2 2 2 2 2 1 1 1 1 1 1 1 1 1 1 1 1 1 1 2 2 2 2 2 2 2 2 2 3 2 2 2 2 2 1 2 1 2 1 2 1 0 1 2 1 0 1 0 1 2 1 0 1 2 1 2 1 2 1 2 1 2 1 2 1 2 2 2 2 0 2 2 2 2 1 1 1 1 1 1 1 1 1
1 1 1 1 2 2 0 0 0 2 0 2 2 2 2 2 1 1 1 1 1 1 1 1 1 1 1 1 2 2 2 0 2 0 2 0 2 2 2 2 2 1 1 1 1 2 0 2 0 2 2 2 0 2 0 2 1 1 1 1 1 1 1 1 1 2 2 2 2 2 2 0 2 2 2 2 2 2 1 1 1 1 1 1 2 2 0 2 0 0 2 2 2 2 2 2 2 2 2 2 2 0 2 1 1 1 1 1 1 2 0 2 2 0 0 2 1 1 1 1 1 1 1 1 2 2 2 1 1 1 1 1 1 1 1 1 1 1 1 1 1 2 2 2 2 1 1 0 2 0 2 2 2 2 2 2 0 1 2 2 2 2 2 2 2 2 2 2 2 2 0 2 2 2 2 2 2 2 0 0 2 2 0 2 2 2 0 1 2 0 2 0 2 2 2 2 2 1 1 1 1 1 1 1 1 1
1 1 1 1 2 2 2 2 2 2 2 2 2 2 0 2 1 1 1 1 1 1 1 1 1 1 1 1 2 2 2 2 0 2 0 2 2 2 2 2 2 1 1 1 1 0 2 2 2 2 0 0 2 2 2 0 2 1 1 1 1 1 1 1 1 2 2 2 2 2 2 2 0 2 2 2 2 0 1 1 1 1 1 1 2 2 2 0 2 0 2 2 2 2 0 2 2 0 2 2 2 2 2 1 1 1 1 1 1 1 1 2 2 2 1 1 1 1 1 1 1 1 1 1 0 0 3 1 1 1 1 1 1 1 0 2 2 2 1 1 1 0 2 2 1 1 1 1 2 2 2 0 2 2 2 2 2 1 2 1 2 1 2 1 2 1 0 1 2 1 2 1 2 1 2 1 2 1 0 1 2 1 2 1 2 1 2 1 2 2 0 2 0 2 0 2 2 2 1 1 2 1 1 1 1 1
1 1 1 1 1 0 0 0 2 0 2 2 2 0 2 1 1 1 1 1 1 1 1 1 1 1 1 2 2 2 2 0 2 2 2 2 2 2 0 0 2 1 1 1 1 1 2 2 2 2 0 2 2 2 2 2 2 1 1 1 1 1 1 1 1 1 2 2 2 1 1 1 2 0 2 2 0 1 1 1 2 2 2 2 2 2 2 2 2 0 2 0 2 2 2 2 2 2 2 2 0 2 0 2 1 1 1 1 1 1 1 1 1 1 1 1 1 1 1 1 1 1 1 2 0 0 2 1 1 1 1 1 1 3 2 2 2 2 2 1 1 1 2 0 1 1 1 1 1 2 2 0 2 2 2 3 0 1 0 2 2 2 2 2 2 0 2 2 2 2 2 2 2 3 2 2 2 0 0 2 2 2 2 2 2 2 2 1 2 2 2 2 2 2 2 2 2 2 2 2 2 0 1 1 1 1
1 1 1 1 1 1 1 1 1 1 2 2 2 2 2 1 1 1 1 1 1 1 0 0 2 2 2 2 2 1 1 1 0 2 2 2 2 0 2 2 2 1 1 1 1 1 0 0 2 2 2 0 2 2 2 2 0 0 1 1 1 2 2 1 1 1 1 2 1 1 1 1 2 2 3 2 1 1 2 2 2 2 2 2 2 2 2 0 2 2 2 2 0 2 2 2 2 2 2 2 2 2 2 0 0 1 1 1 1 1 1 1 1 1 1 2 0 0 2 1 1 1 2 2 2 2 0 1 1 1 1 1 2 2 2 2 2 2 0 1 1 1 0 2 2 1 1 1 1 1 2 2 2 2 2 2 0 1 2 1 2 1 2 1 2 1 2 1 2 1 2 1 2 1 2 1 3 1 0 1 2 1 2 1 2 1 2 1 2 2 2 2 2 0 2 0 2 2 2 2 2 2 1 1 1 1
1 1 1 1 1 1 1 1 1 1 1 2 2 2 1 1 1 1 1 1 1 3 2 2 2 2 0 2 1 1 1 1 0 2 2 2 2 2 2 2 2 2 1 1 1 1 0 3 0 0 2 2 2 2 2 2 0 2 2 2 2 0 2 2 1 1 1 1 2 1 1 2 2 0 2 0 1 0 2 2 3 2 2 2 0 0 2 2 0 2 2 0 2 2 2 2 2 2 2 2 2 2 0 0 2 2 2 2 1 1 1 1 1 2 2 2 2 2 2 2 2 0 2 2 2 2 1 1 1 1 1 0 0 2 2 2 2 0 2 2 2 2 3 2 2 2 1 1 1 1 0 2 2 2 2 2 2 1 2 2 2 2 2 2 2 2 2 2 2 2 0 2 2 2 2 2 2 2 2 2 2 2 2 0 0 2 0 1 2 0 2 0 2 2 2 2 2 2 2 2 2 1 1 1 1 1
1 1 1 1 1 1 2 2 1 1 2 2 2 2 1 1 1 1 1 1 1 0 2 2 2 2 2 1 1 1 1 1 2 2 2 0 2 2 2 0 2 2 2 1 1 2 2 2 2 0 2 2 2 0 0 0 2 2 2 2 2 2 2 2 2 1 1 2 0 2 2 0 2 2 2 2 2 0 2 2 2 2 0 2 2 2 0 2 2 2 2 2 2 2 2 0 2 0 2 2 2 2 2 2 2 2 2 2 2 1 1 2 2 0 2 0 2 2 0 2 2 2 2 2 2 1 1 1 1 1 2 2 2 2 2 2 2 2 0 2 2 2 2 2 2 2 1 1 1 1 2 2 2 2 2 2 2 1 2 1 2 1 2 1 0 1 2 1 2 1 2 1 2 1 2 1 2 1 2 1 2 1 2 1 2 1 2 1 2 2 2 2 2 0 2 2 2 2 1 1 1 1 1 1 1 1
1 1 1 1 1 2 2 0 2 2 2 2 2 0 1 1 1 1 1 1 1 2 0 2 2 2 1 1 1 1 0 2 2 0 2 2 2 2 2 2 0 2 2 2 2 2 2 2 2 1 1 0 2 2 2 2 0 2 2 3 2 2 2 2 2 2 2 0 2 2 0 2 2 2 2 2 0 0 3 2 2 2 0 1 1 2 2 0 0 2 2 2 2 2 2 0 2 2 2 2 2 2 0 2 2 2 2 2 2 2 2 2 2 2 2 2 2 2 2 2 2 2 2 2 1 1 1 1 1 2 2 0 2 2 0 2 3 2 2 0 0 0 2 2 2 1 1 1 1 2 2 2 0 2 2 2 2 1 0 2 2 2 2 0 2 0 2 2 2 2 2 0 0 2 2 2 2 0 0 0 2 2 2 2 0 2 0 1 2 2 2 2 2 2 2 2 2 1 1 1 1 1 1 1 1 1
1 1 1 1 2 2 2 2 2 2 2 0 2 2 1 1 1 1 1 1 1 0 2 2 2 1 1 1 1 2 2 2 0 2 2 2 2 0 2 2 0 2 2 2 2 2 2 0 1 1 1 1 2 2 2 2 2 2 2 2 2 2 2 2 2 2 2 0 2 2 2 2 2 2 0 2 2 2 2 0 2 2 1 1 1 1 2 2 2 2 2 2 2 2 2 0 2 2 2 3 2 2 2 2 2 0 2 2 2 0 2 0 2 2 0 2 2 2 2 2 0 2 2 2 1 1 1 1 1 1 2 0 2 2 0 2 2 0 0 2 2 2 2 1 1 1 1 1 2 2 0 2 2 2 2 3 2 1 2 1 2 1 0 1 2 1 2 1 2 1 2 1 2 1 2 1 0 1 2 1 0 1 0 1 0 1 2 1 2 0 2 2 2 0 0 2 2 1 1 1 1 1 1 1 1 1
1 1 1 1 2 2 2 2 2 0 2 2 0 0 1 1 1 1 1 1 1 1 2 2 2 2 1 1 0 2 2 2 2 0 2 2 2 0 2 2 2 0 2 2 1 1 1 1 1 1 1 2 2 2 2 2 0 0 2 1 1 1 2 2 2 0 2 2 0 0 2 2 2 2 0 2 2 2 2 2 0 3 1 1 1 1 2 2 2 2 2 0 0 2 0 2 0 0 2 2 2 2 0 2 2 2 2 2 2 2 2 2 2 2 2 2 0 2 2 0 2 2 2 2 0 1 1 1 1 1 1 1 1 2 2 2 3 2 2 2 2 2 2 1 1 1 1 1 2 2 2 0 2 2 0 0 2 1 2 0 0 2 2 2 2 2 2 2 2 0 0 2 0 2 2 2 0 2 2 2 2 2 2 2 2 2 2 1 2 2 2 0 2 2 0 2 2 0 1 1 1 1 1 1 1 1
1 1 1 1 0 2 2 2 2 3 0 2 2 1 1 1 2 2 0 1 1 1 2 2 0 2 0 0 2 2 2 2 2 2 2 1 1 1 1 2 2 2 1 1 1 1 1 1 1 1 2 2 2 2 0 2 2 2 2 1 1 1 2 2 2 0 2 2 0 2 2 2 2 2 2 2 0 0 2 2 2 3 0 1 1 2 2 2 2 2 2 2 2 2 2 2 0 2 0 2 0 2 0 2 2 0 2 2 2 2 2 2 0 0 0 2 0 2 2 0 0 2 2 0 2 2 2 1 1 1 1 1 1 1 2 0 2 2 0 2 2 2 2 1 1 1 1 0 2 2 2 2 2 2 2 0 2 1 0 1 2 1 0 1 2 1 2 1 2 1 2 1 2 1 0 1 2 1 2 1 2 1 0 1 2 1 2 1 0 2 0 2 0 2 2 0 2 2 0 1 1 1 1 1 1 1
1 1 1 1 2 0 2 2 2 2 2 2 0 1 1 1 2 2 2 2 1 1 2 2 2 0 2 2 2 2 2 2 2 2 1 1 1 1 1 1 1 1 1 1 1 1 1 1 1 1 3 2 2 2 2 2 2 2 2 2 1 1 1 2 0 2 0 2 0 0 0 2 0 2 0 2 2 0 0 2 2 2 2 1 1 0 2 2 2 2 2 2 2 2 2 2 2 2 2 2 0 3 2 0 2 2 2 0 2 2 2 0 2 2 2 0 0 2 2 2 2 2 2 2 2 2 2 2 1 1 1 1 1 1 1 2 2 2 2 2 2 0 2 1 1 1 2 2 2 2 2 2 0 2 2 2 0 1 2 2 2 0 2 2 2 2 2 2 2 2 2 2 2 2 2 3 2 0 2 2 2 2 2 2 2 2 2 1 2 2 0 1 1 2 2 0 0 2 2 2 2 1 1 1 1 1
1 1 1 1 0 2 2 0 2 2 2 1 0 1 1 1 0 0 0 2 2 2 2 2 2 2 2 2 0 2 2 2 2 2 1 1 1 1 1 1 1 1 1 1 1 1 1 1 1 0 2 2 3 0 2 2 0 2 2 2 2 1 1 2 0 2 2 2 2 2 2 2 2 2 2 0 2 2 0 2 2 2 2 1 1 2 2 2 2 2 2 2 2 0 2 1 2 2 2 2 2 0 0 0 2 2 2 2 0 2 2 2 2 0 2 0 2 2 2 2 2 2 0 0 0 2 3 0 2 1 1 1 1 1 1 2 2 2 2 2 2 2 2 1 1 1 2 0 2 2 2 0 2 2 0 2 2 1 2 1 2 1 2 1 2 1 2 1 2 1 0 1 2 1 2 1 2 1 2 1 2 1 2 1 2 1 2 1 2 2 1 1 1 2 0 2 0 0 2 2 2 0 1 1 1 1
1 1 1 2 2 2 2 0 2 1 1 1 0 1 1 1 2 2 2 2 2 2 2 2 0 0 0 2 2 2 0 2 2 1 1 1 1 1 1 1 1 2 2 1 1 1 1 1 1 2 0 2 2 2 0 2 2 2 2 2 2 2 2 0 2 2 2 0 2 2 0 2 0 2 2 0 2 2 2 2 0 2 2 1 1 2 2 2 2 2 2 2 2 2 1 1 1 2 0 2 2 0 0 2 0 2 2 2 2 0 2 0 0 2 2 2 0 2 2 2 2 2 2 2 2 2 2 2 2 2 2 2 1 1 1 0 2 2 2 2 2 2 1 1 1 1 1 2 0 2 0 0 2 2 0 2 2 1 2 0 0 2 2 0 2 2 2 2 2 2 2 2 2 2 2 0 2 0 0 2 2 0 2 2 2 2 2 1 1 1 1 1 1 2 2 2 2 2 2 2 2 2 1 1 1 1
1 1 1 2 0 2 2 2 1 1 1 1 2 1 1 1 1 2 0 2 2 2 2 2 2 0 0 2 2 2 2 2 0 1 1 1 1 1 1 1 2 2 2 2 1 1 1 1 2 2 2 2 2 2 2 2 0 0 2 2 2 2 2 2 0 2 2 1 1 2 2 0 2 2 2 1 1 1 0 2 2 2 2 1 1 1 2 2 2 2 2 2 2 2 1 1 2 0 2 2 2 1 1 2 0 2 2 3 2 2 2 2 0 2 2 0 0 2 2 2 2 2 2 2 2 2 2 2 2 2 2 2 2 0 2 2 2 2 2 2 2 2 1 1 1 1 1 2 2 2 0 0 0 2 2 0 2 1 2 1 2 1 2 1 2 1 2 1 2 1 2 1 0 1 2 1 2 1 0 1 0 1 2 1 2 1 2 1 1 1 1 1 1 2 2 2 2 2 2 0 2 0 1 1 1 1
1 1 1 1 0 2 2 1 1 1 1 1 0 1 1 1 1 0 2 2 2 2 2 2 2 0 2 2 2 2 2 2 2 1 1 1 1 1 1 0 2 2 2 2 1 1 1 0 0 0 2 2 2 0 2 2 2 2 0 2 2 2 2 2 2 2 1 1 1 1 2 2 2 2 1 1 1 1 2 2 2 2 0 2 1 1 1 2 0 2 2 2 0 2 1 1 2 2 2 0 1 1 1 1 0 2 2 2 2 2 1 1 1 0 2 2 2 2 2 2 2 2 2 2 1 1 1 2 2 2 2 2 2 0 2 2 0 2 2 0 2 2 1 1 1 1 1 0 2 2 2 2 2 2 2 0 2 1 2 2 0 2 2 2 2 2 0 0 0 2 2 2 2 2 0 2 2 2 2 0 2 2 2 0 0 0 2 1 1 3 2 1 1 2 0 2 2 2 2 0 0 1 1 1 1 1
1 1 1 1 1 1 1 1 1 1 1 2 2 2 1 1 1 2 2 2 0 2 2 2 2 2 2 0 2 2 2 2 2 1 1 1 1 1 2 0 2 3 2 0 1 1 1 2 2 0 2 2 0 2 2 2 3 2 2 2 2 2 2 2 2 1 1 1 1 1 1 2 2 2 1 1 1 1 2 2 0 2 2 2 2 1 1 1 1 1 2 2 2 0 0 1 1 2 0 1 1 1 1 1 2 2 2 2 1 1 1 1 1 1 2 2 2 2 2 2 2 2 2 2 1 1 1 0 2 2 2 2 2 3 2 2 2 0 2 2 2 2 1 1 1 1 1 2 2 2 2 2 2 0 2 0 2 1 2 1 2 1 2 1 2 1 0 1 2 1 2 1 2 1 2 1 2 1 2 1 2 1 2 1 2 1 2 1 2 0 0 0 2 0 2 2 2 2 2 2 1 1 1 1 1 1
1 1 1 1 1 1 1 1 1 1 2 2 2 2 0 3 2 2 2 2 0 0 2 2 2 0 2 2 2 2 2 2 2 1 1 1 1 1 2 0 0 2 2 2 1 1 1 2 2 0 2 2 2 2 2 0 1 1 2 2 2 2 2 0 2 1 1 1 1 1 1 2 2 2 0 1 1 1 0 2 2 0 2 0 2 2 1 1 1 1 1 2 2 2 2 1 1 1 1 1 1 1 1 1 2 2 0 1 1 1 1 1 1 1 0 2 2 2 2 0 2 0 2 2 2 2 2 2 2 2 2 1 1 0 0 2 2 0 2 0 2 2 1 1 1 1 2 2 0 2 2 2 1 1 2 2 0 1 2 2 2 0 2 2 2 2 0 0 2 0 2 2 0 2 2 2 2 2 2 2 2 2 2 2 0 2 0 1 0 2 2 2 2 2 0 2 2 2 2 2 1 1 1 1 1 1
1 1 1 1 1 1 1 1 1 2 0 2 2 0 2 0 2 0 0 2 1 1 2 2 2 2 0 2 2 2 2 2 1 1 1 1 1 1 1 2 2 0 0 1 1 1 2 2 2 0 2 2 2 2 0 1 1 1 2 0 2 2 2 2 2 1 1 1 1 1 1 1 2 2 2 1 1 1 2 2 2 0 2 2 2 0 1 1 1 1 1 2 2 2 2 2 1 1 1 1 1 1 1 0 0 2 2 1 1 1 1 1 1 1 0 2 2 2 2 2 3 0 2 2 2 0 2 0 2 0 2 1 1 2 0 2 2 0 2 2 2 1 1 1 1 2 2 2 2 2 2 1 1 1 1 2 2 1 2 1 2 1 2 1 2 1 2 1 2 1 2 1 2 1 0 1 0 1 2 1 2 1 2 1 2 1 2 1 2 2 2 2 0 2 0 2 2 2 0 2 2 1 1 1 1 1
1 1 1 1 1 1 1 1 2 2 2 2 2 2 2 2 2 2 2 1 1 1 1 1 2 2 2 0 2 3 1 1 1 1 1 1 1 1 1 2 1 1 1 1 2 1 0 2 2 2 2 2 2 2 1 1 1 1 2 0 2 2 2 0 1 1 1 1 1 1 1 1 2 2 0 1 1 1 2 2 2 0 2 0 2 2 1 1 1 1 1 1 0 2 0 2 2 1 1 1 1 2 2 2 2 2 2 1 1 1 1 1 1 1 2 2 2 2 2 2 2 2 2 2 2 2 2 2 2 2 0 0 2 2 2 2 1 2 2 2 1 1 1 1 2 0 2 2 2 2 2 1 1 1 1 3 2 1 0 2 2 0 2 2 2 2 2 2 2 0 2 0 0 2 2 0 2 2 2 2 2 0 2 2 2 2 2 1 2 0 2 2 2 2 2 0 2 2 2 2 2 1 1 1 1 1
1 1 1 1 1 1 1 2 2 2 2 2 2 0 2 0 2 2 1 1 1 1 1 1 1 0 2 2 2 1 1 1 1 1 1 1 1 2 1 2 1 2 0 2 2 2 2 2 2 2 1 1 1 1 1 1 1 1 2 2 2 2 0 0 1 1 1 1 1 1 1 2 2 2 2 1 1 1 1 2 2 2 2 2 2 1 1 1 1 1 1 1 1 2 2 2 2 2 1 1 2 0 0 2 3 2 1 1 1 1 1 1 1 2 2 2 2 0 0 2 2 2 3 2 2 0 2 2 2 2 2 2 2 2 2 1 1 1 1 1 1 1 1 2 2 2 0 0 2 2 2 2 1 1 1 1 1 1 2 1 2 1 2 1 2 1 2 1 2 1 0 1 2 1 0 1 2 1 2 1 2 1 0 1 2 1 2 1 2 2 0 2 0 2 0 2 2 0 3 2 2 1 1 1 1 1
1 1 1 1 1 1 2 2 0 2 0 2 2 2 1 1 0 1 1 1 1 1 1 1 1 1 2 0 1 1 1 1 1 1 1 1 2 0 0 2 2 2 0 2 2 2 2 1 1 1 1 1 1 1 1 1 1 1 2 2 2 2 2 1 1 1 1 0 2 2 2 2 2 0 0 1 1 2 2 2 2 1 1 1 1 1 1 1 1 1 1 1 1 1 2 2 2 0 2 2 2 0 2 2 2 2 1 1 1 1 1 1 1 2 0 2 2 2 2 0 2 2 2 2 2 2 0 0 2 2 2 2 2 2 2 1 1 1 1 1 1 1 2 0 2 2 2 2 2 2 2 2 0 1 1 1 1 1 2 2 2 2 2 0 2 2 2 0 2 0 2 2 2 2 2 0 2 2 2 2 2 2 2 2 2 3 2 1 0 2 2 2 2 2 2 0 2 2 2 0 1 1 1 1 1 1
1 1 1 1 1 2 0 0 2 2 0 0 2 0 1 1 1 1 1 1 1 1 1 1 1 1 1 1 1 1 1 1 1 1 1 1 2 2 0 2 0 2 0 2 2 2 2 1 1 1 1 1 1 1 1 1 1 1 2 2 2 2 2 1 1 1 2 0 2 2 2 2 0 2 2 1 2 2 2 2 0 1 1 1 1 1 1 2 1 1 1 1 1 1 1 2 2 2 2 2 2 3 0 2 2 1 1 1 1 1 1 1 1 0 0 2 2 2 0 3 2 0 2 2 2 2 2 2 0 2 0 0 2 2 2 1 1 1 1 1 1 2 0 2 2 2 2 2 2 2 0 0 2 1 1 1 1 1 2 1 2 1 2 1 2 1 2 1 2 1 2 1 0 1 3 2 2 1 0 1 0 1 2 1 2 1 2 1 1 2 2 1 1 2 2 2 2 0 2 0 1 1 1 1 1 1
1 1 1 1 1 2 2 2 0 2 2 0 0 2 1 1 1 1 1 1 1 1 1 1 1 1 1 1 1 1 1 1 1 1 1 1 2 0 0 0 2 2 2 2 2 2 2 1 1 1 1 1 1 1 1 1 1 1 1 2 2 2 1 1 1 1 0 2 2 2 2 2 2 2 2 3 2 1 1 2 2 0 1 1 1 2 2 2 0 1 1 1 1 1 1 1 1 1 2 2 2 2 2 0 2 1 1 1 1 1 1 1 1 2 2 2 2 2 2 2 1 2 2 2 0 2 0 2 2 0 2 0 0 0 1 1 1 1 1 1 2 2 2 2 2 2 2 2 0 2 2 2 0 1 1 1 1 1 2 2 0 2 2 2 3 2 2 2 2 2 0 2 2 2 2 2 2 0 2 0 2 2 0 2 2 2 2 1 1 1 1 1 1 2 1 2 2 2 0 2 1 1 1 1 1 1
1 1 1 1 1 2 2 0 2 2 2 2 2 3 2 1 1 1 1 1 1 1 1 1 1 1 1 1 2 0 2 1 1 1 1 1 1 2 2 2 2 2 2 2 2 2 2 2 1 1 1 1 1 1 1 1 1 1 1 1 1 1 1 1 1 0 2 2 2 0 2 2 0 2 2 1 1 1 1 2 1 1 1 1 1 2 1 1 2 1 1 1 1 1 1 1 1 1 1 2 2 2 0 2 0 0 1 1 0 2 0 2 2 2 2 2 2 2 2 1 1 1 1 2 2 2 2 2 2 0 2 2 2 1 1 1 1 2 2 0 0 2 0 2 2 0 1 1 1 2 2 2 2 1 1 1 1 1 1 1 1 1 1 1 1 1 1 1 1 1 1 1 1 1 1 0 1 1 1 1 1 1 1 1 1 1 1 1 1 1 1 1 1 2 1 1 2 0 0 1 1 1 1 1 1 1
1 1 1 1 1 2 2 2 2 2 2 2 2 2 2 2 1 1 1 1 1 1 1 2 0 2 2 3 2 0 2 2 1 1 1 1 1 1 2 0 2 2 2 2 2 2 2 2 1 1 1 1 1 1 1 1 1 1 1 1 1 2 0 0 2 2 0 2 0 0 0 0 2 2 2 2 1 1 1 2 2 1 1 1 1 2 0 2 2 1 1 1 1 1 1 1 1 1 1 0 2 0 2 2 0 0 2 0 2 2 2 2 0 2 2 2 2 2 2 1 1 1 1 1 1 1 2 2 2 2 2 2 1 1 1 1 2 0 0 2 0 0 2 2 2 2 2 1 0 2 2 2 1 1 1 1 1 1 1 1 2 2 2 2 2 2 2 0 0 2 2 0 2 2 0 2 2 0 2 2 0 2 2 0 2 2 2 2 2 0 2 1 1 2 1 1 2 1 1 1 1 1 1 1 1 1
1 1 1 1 1 2 2 2 0 2 2 0 2 2 0 2 1 1 1 1 1 1 2 0 2 0 2 0 2 2 2 2 2 2 1 1 1 1 1 2 1 2 2 2 2 2 2 2 2 1 1 1 1 1 1 1 1 1 1 1 0 2 0 2 2 2 0 2 2 2 0 0 2 2 0 2 2 2 2 2 2 1 1 1 1 2 2 2 2 0 0 1 1 1 1 2 2 1 0 2 2 2 2 2 0 0 2 2 2 2 0 0 2 2 2 2 2 0 2 0 1 1 1 1 1 1 1 2 2 2 2 1 1 1 1 1 2 2 2 3 2 2 2 2 2 2 2 2 2 0 2 2 1 1 1 1 1 1 1 1 1 1 2 2 2 2 0 2 2 2 1 1 1 1 1 2 2 0 2 2 3 2 2 2 2 2 3 2 2 2 2 1 1 2 1 1 2 1 1 1 1 1 1 1 1 1
1 1 1 1 1 2 2 2 2 2 2 2 2 2 2 0 0 2 2 2 2 0 2 2 2 2 2 2 2 2 0 2 2 2 0 2 2 2 0 2 1 2 2 2 2 2 0 1 3 1 1 1 1 1 1 1 1 1 1 2 2 2 0 0 2 2 0 2 2 2 0 2 2 2 2 0 0 2 2 2 2 2 1 1 2 0 2 0 0 2 1 1 1 1 0 0 0 2 2 2 2 0 2 2 0 3 2 2 2 2 2 2 2 0 2 0 2 3 2 2 1 1 1 1 1 1 1 2 2 2 2 1 1 1 1 1 2 0 2 2 2 0 2 2 0 2 2 2 2 2 2 1 1 1 1 1 1 1 1 1 1 1 2 2 2 2 2 2 2 0 1 1 1 1 1 2 2 0 2 2 0 0 2 2 2 2 2 2 0 0 2 1 1 2 1 1 0 1 1 1 1 1 1 1 1 1
1 1 1 1 1 2 2 2 2 2 2 2 2 2 2 2 0 2 1 1 1 1 2 2 2 2 2 2 0 0 1 2 2 2 0 0 0 1 1 1 0 2 2 2 2 2 3 1 2 1 1 1 1 2 2 2 2 1 1 2 0 2 0 2 2 2 2 0 2 2 2 2 2 2 2 0 2 2 0 2 0 2 2 2 0 2 2 2 2 0 2 1 1 0 2 2 0 0 0 3 2 2 2 2 2 2 2 0 0 2 2 2 2 0 2 2 2 0 1 1 1 1 1 1 1 1 1 1 0 2 2 0 1 1 1 2 2 2 2 0 0 2 2 1 1 2 2 2 2 2 1 1 1 1 1 1 1 1 1 1 1 1 2 2 2 0 2 2 2 0 1 1 1 1 1 2 2 2 0 2 2 2 0 0 0 2 2 2 2 2 2 1 1 2 2 2 2 1 1 1 1 1 1 1 1 1
1 1 1 1 1 1 2 2 2 2 3 2 2 2 2 0 2 0 1 1 1 1 2 3 2 2 0 2 2 1 1 2 2 2 0 2 2 2 3 2 2 2 2 2 0 2 0 1 2 1 1 1 2 2 0 2 0 0 1 2 2 0 2 2 2 3 2 2 2 0 2 2 2 2 0 2 0 2 2 2 2 0 2 0 2 2 2 2 2 2 2 2 2 2 0 2 2 2 2 2 2 2 2 2 0 0 2 2 2 1 2 2 0 0 2 2 1 1 1 1 1 1 1 1 1 1 1 1 2 2 2 2 2 2 2 2 2 2 2 2 2 2 2 1 1 2 2 2 2 0 1 1 1 1 1 1 1 1 1 1 1 2 2 2 2 2 2 2 0 2 0 1 1 1 1 2 2 2 3 0 2 2 2 2 1 1 2 2 2 2 2 2 1 2 0 2 2 0 2 0 2 3 1 1 1 1
1 1 1 1 1 1 2 2 0 0 2 2 0 2 2 0 2 1 1 1 1 2 2 0 2 0 2 2 2 2 1 2 2 2 2 2 2 2 2 0 0 2 2 2 2 0 2 1 2 1 1 2 2 0 2 2 2 0 0 0 2 2 2 2 3 2 2 2 2 2 0 1 1 1 1 2 2 2 2 0 2 0 2 2 2 3 2 0 2 2 0 2 2 2 0 2 2 2 2 2 2 2 2 2 2 2 2 0 1 1 1 2 2 2 0 2 1 1 1 1 1 1 1 1 1 1 1 2 0 2 2 2 0 2 2 2 2 2 2 2 0 2 2 2 2 0 2 2 2 0 2 1 1 1 1 1 1 1 1 1 2 0 2 2 2 2 2 2 0 2 0 2 2 0 0 0 2 0 2 2 2 2 2 1 1 1 1 0 2 2 2 2 2 0 2 2 0 2 2 2 2 0 0 1 1 1
1 1 1 1 1 1 3 0 2 2 2 2 2 2 2 2 2 1 1 2 2 2 2 2 2 1 1 2 2 2 2 0 2 2 2 2 2 0 2 2 2 2 2 2 2 2 0 2 2 1 1 2 2 2 2 0 2 2 2 2 2 2 1 2 0 2 2 3 2 0 2 1 1 1 1 0 2 2 2 2 0 2 2 2 2 0 2 2 2 2 2 2 0 0 2 2 2 3 0 2 2 2 2 2 2 2 2 2 0 1 2 0 2 2 2 2 2 1 1 1 1 1 1 1 1 1 1 2 2 2 1 1 1 1 1 1 1 2 2 2 0 0 2 0 2 2 2 2 0 2 2 0 2 2 0 2 2 1 1 1 2 3 0 2 2 0 2 0 2 2 2 2 2 2 2 2 2 0 2 2 2 0 1 1 1 1 1 1 2 2 2 0 2 0 2 2 2 2 2 2 2 2 3 1 1 1
1 1 1 1 1 2 2 2 2 2 2 2 2 2 2 2 0 0 0 2 2 2 0 0 1 1 1 1 2 2 2 2 2 0 2 2 2 2 2 2 2 2 0 0 2 0 3 0 0 2 1 3 0 0 2 2 2 2 2 2 2 1 1 1 2 0 0 2 2 2 2 1 1 1 2 2 2 2 2 2 2 2 0 2 2 0 0 2 2 2 2 0 2 2 2 0 1 1 2 0 2 2 2 2 2 2 0 2 2 0 2 2 0 2 0 0 2 2 1 1 1 1 1 1 1 1 2 2 2 2 1 1 1 1 1 1 1 1 2 2 0 2 2 0 2 2 2 2 2 2 2 2 2 2 2 2 2 2 1 0 2 2 2 2 2 2 2 2 2 2 0 2 2 0 2 0 2 2 2 2 2 1 1 1 1 1 1 1 2 2 2 2 2 2 2 0 2 2 2 0 0 2 1 1 1 1
1 1 1 1 1 2 2 0 2 2 0 2 2 1 1 0 2 2 2 0 0 2 2 0 1 1 1 1 2 2 2 2 2 0 0 0 2 2 2 2 2 2 2 2 0 2 2 2 0 2 2 2 2 2 2 0 2 2 2 2 2 1 1 1 1 2 2 2 0 2 2 2 2 0 2 2 2 2 2 2 2 2 2 2 0 2 2 2 0 2 2 2 2 2 2 1 1 1 1 2 2 2 2 2 2 2 2 2 2 2 2 2 0 0 2 2 2 2 1 1 1 1 1 1 1 1 2 2 2 2 1 1 1 1 1 1 1 1 1 1 0 3 2 2 2 2 2 2 2 2 2 2 0 2 0 2 2 2 2 2 2 0 0 2 0 0 0 0 0 2 2 2 2 2 2 0 1 1 1 1 1 1 1 1 1 1 1 2 2 0 2 0 2 2 2 2 2 0 2 0 2 1 1 1 1 1
1 1 1 1 1 2 2 2 2 2 2 1 2 1 1 1 2 2 0 2 2 0 2 2 1 1 1 1 2 2 2 2 2 2 2 2 2 0 2 0 0 0 2 2 2 0 0 0 0 2 0 2 0 2 2 2 2 2 2 2 0 2 1 1 1 1 1 2 2 2 2 2 0 2 2 2 2 0 2 2 2 2 2 0 2 2 2 2 2 3 2 2 2 2 2 1 1 1 1 3 0 2 3 2 2 2 2 0 0 0 2 0 2 2 2 2 2 2 2 1 1 1 1 1 1 1 1 2 2 2 2 1 1 1 1 1 1 1 1 1 1 0 2 2 2 0 2 2 2 2 2 2 2 0 2 2 2 2 2 0 2 2 2 2 2 2 2 2 2 2 2 2 2 2 2 2 1 1 1 1 1 1 1 1 1 2 2 0 2 2 0 1 0 3 0 0 2 2 0 2 2 1 1 1 1 1
1 1 1 1 1 2 2 2 0 0 2 1 2 1 1 1 1 1 1 1 1 1 2 0 1 1 1 1 1 2 0 2 2 0 2 0 2 2 2 2 0 2 2 2 2 2 2 2 2 0 1 0 2 1 2 2 0 2 2 2 2 2 1 1 1 1 1 1 1 2 2 0 2 2 2 2 2 2 0 2 2 2 2 1 1 2 0 2 2 2 1 1 2 2 2 1 1 1 0 2 0 2 2 2 2 2 2 2 0 0 2 2 2 0 2 2 0 2 2 1 1 1 1 1 1 1 1 2 2 0 2 1 1 1 1 1 1 1 1 1 1 0 3 2 2 2 2 2 2 0 2 2 2 2 0 2 2 2 2 2 0 2 2 0 2 2 0 2 2 2 0 0 0 2 1 2 1 1 1 1 1 1 2 0 2 2 2 2 2 1 1 1 1 0 2 0 2 2 2 0 0 2 1 1 1 1
1 1 1 1 2 2 2 0 2 2 2 1 2 1 1 1 1 1 1 1 1 1 1 1 1 1 1 1 1 1 1 2 0 2 0 2 2 2 2 2 2 2 2 2 2 2 2 2 2 2 0 1 2 2 2 2 2 2 2 2 0 2 0 1 1 1 1 1 1 2 2 2 2 2 2 2 2 0 2 2 0 2 1 1 1 1 2 2 2 1 1 1 1 3 2 2 2 2 2 2 2 2 2 0 2 0 2 0 0 2 2 2 0 2 2 2 2 2 2 2 1 1 1 1 1 1 2 2 2 0 2 1 1 1 1 1 1 1 1 2 2 2 0 2 0 2 0 2 2 2 2 2 2 2 0 2 0 0 0 2 2 2 0 2 2 2 2 2 2 1 1 1 2 0 1 0 1 1 1 1 1 0 0 2 0 2 2 1 1 1 1 1 0 2 2 2 2 2 2 2 2 2 2 1 1 1
1 1 1 1 2 0 2 0 2 0 1 1 2 1 1 1 1 1 1 1 1 1 1 1 1 1 1 1 1 1 1 1 2 2 2 2 2 2 0 0 2 2 2 2 2 2 2 0 2 2 2 1 2 0 2 2 2 2 0 0 2 2 2 2 2 0 0 2 2 2 2 2 2 0 0 2 2 2 2 2 2 0 2 2 2 2 0 2 0 2 2 2 2 2 2 2 2 2 2 0 2 2 2 2 2 2 2 0 2 2 0 2 2 2 2 2 2 2 2 2 0 0 2 0 2 2 2 2 2 2 0 2 0 2 2 2 1 1 2 0 2 2 2 2 2 2 2 2 2 2 2 2 2 1 1 1 0 2 2 2 2 1 2 2 0 2 2 2 1 1 1 1 2 2 2 2 1 2 2 2 2 0 0 2 2 2 1 1 1 1 1 1 3 2 2 2 3 2 2 0 3 3 2 1 1 1
1 1 1 1 0 2 2 2 0 1 1 1 0 1 1 1 1 1 1 1 1 1 1 1 1 1 1 1 1 1 1 1 1 2 2 2 0 2 2 2 0 2 2 2 2 2 2 2 2 2 2 0 1 1 1 2 0 0 0 2 2 2 2 2 2 0 1 1 2 2 2 2 2 2 2 2 2 2 2 0 2 1 1 1 2 2 2 2 2 1 1 1 1 2 0 2 2 2 2 0 2 0 0 2 2 3 2 2 0 1 1 1 0 0 2 0 0 2 0 2 2 3 2 2 2 2 2 2 2 2 2 2 2 2 2 2 1 2 2 2 0 2 2 0 2 2 0 2 1 1 1 1 1 1 1 1 2 2 2 2 0 2 2 2 2 2 2 2 1 1 1 1 0 2 2 0 2 0 2 2 2 2 2 2 2 2 1 1 1 1 1 1 2 2 2 2 2 2 0 2 2 2 1 1 1 1
1 1 1 1 2 2 2 2 1 1 1 1 2 1 1 2 1 1 1 1 1 1 1 1 1 1 1 1 1 1 1 1 1 2 2 2 0 2 2 2 2 0 0 2 2 2 0 2 2 2 2 2 1 1 1 2 0 0 2 0 2 0 2 2 2 2 2 2 2 0 2 2 2 2 2 2 0 2 0 2 2 1 1 1 2 2 0 2 2 1 1 1 1 2 2 2 2 2 2 2 2 2 0 0 2 0 2 2 1 1 1 1 1 2 2 2 2 2 2 2 3 2 2 0 2 2 2 2 2 2 2 0 2 2 2 2 2 2 2 2 2 0 2 2 2 0 2 1 1 1 1 1 1 1 1 2 2 2 2 2 2 3 2 2 3 2 2 2 1 1 1 1 2 2 2 2 0 2 2 2 2 0 2 2 0 2 2 1 1 1 1 2 2 2 2 2 2 2 2 0 2 2 1 1 1 1
1 1 1 1 2 2 2 2 1 1 1 1 2 2 0 2 0 2 2 0 0 2 2 2 2 2 0 2 0 2 0 2 2 2 2 2 2 2 2 2 0 2 2 2 2 2 2 0 0 2 2 2 0 2 2 2 3 2 2 2 0 2 2 2 2 2 0 0 2 2 2 2 1 0 2 2 2 2 2 2 1 1 1 1 1 2 0 2 2 1 1 1 1 1 2 2 0 2 2 2 2 2 2 2 1 1 1 1 1 1 1 1 1 2 2 2 2 1 1 1 0 2 2 2 2 2 2 0 0 2 2 2 2 2 2 2 0 0 2 2 2 2 2 2 0 0 2 1 1 1 1 1 1 1 0 2 0 2 2 2 3 0 2 2 0 2 2 0 1 1 1 2 0 0 2 0 2 2 2 0 0 2 3 2 2 2 3 2 2 2 0 2 2 0 2 2 0 0 2 2 2 2 1 1 1 1
1 1 1 1 0 2 0 0 2 1 1 1 1 1 1 2 1 1 1 1 1 1 1 1 2 2 0 2 2 1 1 1 1 1 2 2 2 2 0 2 0 2 2 0 2 2 2 2 2 2 0 2 1 1 1 1 2 2 2 2 2 0 0 2 2 0 2 2 2 2 0 1 1 1 2 0 0 2 2 2 1 1 1 1 2 2 2 2 2 1 1 1 1 1 1 2 2 2 2 2 2 2 1 1 1 1 1 1 1 1 1 1 2 2 2 0 1 1 1 1 1 2 0 2 0 2 2 2 2 2 2 2 2 0 2 2 2 2 2 2 2 2 2 2 2 2 2 1 1 1 1 1 1 1 0 2 2 0 2 2 0 2 2 2 2 0 2 2 1 1 1 2 2 2 2 2 2 0 2 2 1 1 1 0 2 0 0 2 2 2 2 2 2 2 2 0 2 1 2 2 2 3 1 1 1 1
1 1 1 1 2 2 0 3 0 0 1 1 1 1 1 2 1 1 1 1 1 1 1 0 2 0 2 2 2 2 2 1 1 2 3 2 2 0 2 0 2 0 0 2 2 2 2 0 2 2 2 0 1 1 1 2 2 0 2 2 0 2 2 2 2 0 0 2 2 2 0 1 1 1 1 2 2 2 2 1 1 1 1 1 1 2 2 2 2 1 1 1 1 1 1 2 2 2 2 0 2 1 1 1 1 1 1 1 1 1 1 1 2 3 0 1 1 1 1 1 1 1 1 2 2 2 0 2 2 2 2 2 2 2 2 0 2 2 2 2 0 0 2 2 0 2 2 1 1 1 1 1 1 1 2 2 2 2 2 2 2 2 2 2 2 2 2 2 2 1 2 0 2 2 2 0 2 2 3 1 1 1 1 2 0 2 2 2 2 2 2 2 2 0 2 0 3 1 2 0 2 2 1 1 1 1
1 1 1 1 2 2 2 2 2 2 2 1 1 1 1 0 1 1 1 1 1 1 2 2 2 2 2 2 2 2 0 2 2 0 2 2 2 2 2 2 1 1 1 2 2 2 2 2 2 2 0 2 0 2 2 2 0 0 2 2 2 2 2 2 2 2 0 0 2 2 3 2 1 1 1 1 2 2 1 1 1 1 1 1 1 2 2 3 2 1 1 1 1 1 1 2 0 2 2 2 1 1 1 1 1 1 1 1 1 1 1 0 2 0 0 1 1 1 1 1 1 1 1 1 2 2 2 2 0 0 2 2 1 1 1 2 2 2 2 2 2 2 2 2 2 2 2 1 1 1 1 1 1 1 1 2 2 2 2 2 2 2 2 2 2 0 0 2 2 0 2 0 2 0 2 2 2 2 1 1 1 1 2 2 2 2 2 2 2 0 0 2 2 0 2 0 0 0 2 0 2 1 1 1 1 1
1 1 1 1 2 2 0 2 2 2 2 0 0 1 1 2 1 1 1 1 1 2 2 2 2 2 0 0 2 2 0 2 2 2 0 0 3 2 2 1 1 1 1 0 2 2 2 2 2 2 2 2 2 2 2 0 2 2 2 2 2 2 2 2 2 2 2 1 0 2 2 2 2 1 1 1 1 1 1 1 1 1 1 1 2 2 2 2 2 0 1 1 1 1 2 2 0 2 2 0 1 1 1 1 1 1 1 1 1 1 2 2 0 0 3 1 1 1 1 1 1 1 1 1 2 2 2 2 2 2 2 1 1 1 1 2 2 2 2 2 2 0 2 2 2 0 1 1 1 1 1 1 1 1 1 1 1 1 1 1 2 0 2 2 2 2 2 2 2 2 2 2 2 2 2 2 2 1 1 1 1 2 2 2 2 2 2 2 2 2 2 2 2 2 0 2 2 0 2 2 1 1 1 1 1 1
1 1 1 1 2 2 2 2 0 2 0 2 0 0 1 0 1 1 1 1 2 0 2 0 2 0 2 2 2 0 2 0 0 2 2 2 2 2 1 1 1 1 1 0 2 0 2 0 2 0 2 0 0 2 2 2 0 0 2 2 2 0 2 2 0 2 0 1 0 2 2 2 2 1 1 1 1 1 1 1 1 0 2 2 2 2 0 3 0 2 1 1 1 2 2 2 2 2 0 2 0 1 1 1 1 1 1 1 1 0 2 2 0 2 2 2 1 1 1 1 1 1 1 2 2 2 2 3 2 3 2 1 1 1 1 2 2 2 2 2 0 2 2 2 2 1 1 1 1 1 1 1 1 1 1 1 1 1 1 1 1 2 0 2 2 2 2 2 2 2 2 2 2 2 2 2 2 1 1 2 2 0 2 0 2 2 2 0 0 2 2 0 2 2 2 0 2 2 2 3 1 1 1 1 1 1
1 1 1 1 2 2 0 2 2 2 2 2 2 0 2 2 0 1 1 1 0 2 0 0 2 2 2 0 0 2 2 2 2 2 2 2 2 1 1 1 1 1 2 0 0 2 0 2 2 2 2 2 2 2 2 2 2 2 2 0 2 3 0 2 2 2 2 2 0 2 0 2 2 1 1 1 1 1 1 1 2 2 2 0 0 3 0 2 2 2 0 1 1 2 2 0 2 2 0 2 2 1 1 1 1 1 1 1 1 2 2 0 2 2 2 2 2 1 1 1 1 1 2 2 0 2 2 2 2 2 2 2 1 1 1 2 2 2 2 2 0 2 2 2 1 1 1 1 1 1 1 1 2 1 1 1 1 1 1 1 1 2 0 2 2 0 2 2 2 0 0 2 2 2 0 2 2 2 2 2 0 2 2 2 0 2 2 2 2 0 2 0 2 2 0 2 2 2 0 2 1 1 1 1 1 1
1 1 1 1 1 2 3 2 2 2 2 2 2 0 2 2 2 0 0 2 2 2 1 1 2 2 0 3 2 3 0 2 2 2 2 2 1 1 1 1 1 2 0 2 0 2 2 2 2 2 2 2 2 0 2 2 2 2 2 2 2 2 2 2 2 2 2 2 2 2 2 2 1 1 1 1 1 1 1 2 2 2 2 2 2 2 2 2 2 2 2 1 1 1 0 2 2 2 2 2 2 1 1 1 1 1 1 1 2 2 2 2 2 2 0 2 2 2 2 2 2 2 2 2 2 2 2 2 2 2 2 2 1 1 2 2 2 2 0 0 2 2 2 2 1 1 1 1 1 1 1 2 0 2 1 1 1 1 1 1 2 2 2 2 2 2 2 2 2 0 2 2 0 2 0 2 0 2 2 2 2 2 2 2 2 2 2 0 3 2 2 2 2 2 2 2 0 2 2 0 2 1 1 1 1 1
1 1 1 1 1 0 2 0 2 2 2 2 2 2 2 2 0 2 2 2 2 2 1 1 2 2 2 0 0 2 2 2 0 2 2 2 1 1 1 1 1 2 2 0 2 2 0 1 1 1 1 2 2 2 0 2 2 2 2 2 2 2 2 2 0 3 0 2 2 2 0 1 1 1 1 1 1 1 1 2 2 2 2 2 0 2 2 2 2 2 2 1 1 1 2 0 2 0 2 2 1 1 1 1 1 2 2 2 0 2 2 2 0 2 2 2 2 2 2 2 2 2 2 2 2 2 3 2 2 2 2 3 1 1 2 2 2 2 2 2 2 2 0 1 1 1 1 1 1 1 2 2 2 2 2 1 1 1 1 2 2 2 2 0 2 2 2 2 2 2 2 2 2 3 2 2 2 3 2 2 2 0 2 0 2 2 3 2 2 2 2 2 1 2 1 1 2 2 2 2 0 1 1 1 1 1
1 1 1 1 1 0 2 2 2 0 2 0 0 2 2 0 0 2 0 2 0 2 2 2 2 2 3 0 2 2 2 2 2 2 2 2 2 1 1 1 2 2 2 2 2 2 3 1 1 1 1 1 2 2 2 0 0 1 1 1 2 0 2 0 2 2 2 2 2 0 1 1 1 1 1 1 1 1 1 1 2 0 2 2 3 2 2 0 0 0 2 2 2 0 0 2 2 2 1 1 1 1 1 1 2 2 0 2 0 2 2 2 2 2 2 0 2 2 2 2 2 2 2 2 2 2 2 2 2 2 2 2 0 2 2 2 2 2 2 2 2 2 2 0 1 1 1 1 1 1 0 2 2 2 2 2 2 2 0 0 2 2 2 2 2 0 3 2 2 2 2 2 2 2 2 2 2 2 2 2 2 0 2 2 2 2 2 2 2 2 2 1 1 3 1 1 2 2 2 2 2 1 1 1 1 1
1 1 1 1 1 2 2 2 3 2 0 2 2 2 2 2 2 2 2 2 2 2 2 2 2 2 2 2 2 2 2 0 2 0 2 2 2 2 2 0 0 2 0 2 2 0 2 2 2 0 1 1 1 2 2 2 2 0 1 2 2 0 2 0 0 2 2 2 2 2 1 1 1 1 1 1 1 1 1 1 1 1 2 2 2 0 0 2 2 2 2 2 2 2 0 2 0 1 1 1 1 1 2 2 2 0 0 2 2 0 2 2 0 2 2 2 0 2 2 2 1 1 2 2 2 2 2 2 2 2 2 2 0 2 2 2 2 2 2 2 2 0 0 0 2 1 1 1 1 2 2 2 2 2 2 2 2 2 2 2 2 0 2 2 2 0 0 0 2 0 2 2 2 2 0 2 2 2 2 2 2 2 2 2 2 2 2 0 2 2 2 1 1 2 1 1 0 2 0 2 1 1 1 1 1 1
1 1 1 1 1 2 2 0 0 0 0 2 2 0 2 0 2 2 0 0 2 2 2 2 2 2 2 1 1 1 2 2 0 2 2 2 2 0 2 2 2 2 2 0 0 0 0 2 2 2 2 1 0 2 2 2 0 2 2 2 2 2 2 2 2 2 2 2 2 2 0 1 1 1 1 1 1 1 1 1 1 1 2 2 2 2 2 0 2 2 2 2 2 2 2 2 2 1 1 1 1 1 0 2 0 2 2 2 2 2 2 2 2 2 0 2 2 2 2 1 1 1 1 2 0 2 2 2 2 2 2 2 2 2 2 2 1 0 2 0 2 2 2 2 2 2 1 1 2 3 2 0 2 2 0 0 2 2 2 2 1 1 2 2 2 0 2 2 2 2 2 2 2 2 2 2 2 2 2 2 2 2 2 0 0 2 2 2 2 2 2 1 1 2 1 1 0 2 2 2 1 1 1 1 1 1
1 1 1 1 1 1 2 2 2 2 2 2 0 2 2 2 0 2 2 2 2 2 2 2 2 2 2 1 1 1 1 0 2 0 0 0 0 2 2 2 2 0 2 0 2 2 2 2 0 0 2 2 2 0 2 2 2 0 0 0 2 2 0 2 3 2 2 2 2 2 2 1 1 1 1 1 1 1 1 1 1 2 0 2 2 2 2 0 2 2 2 0 2 2 0 2 2 2 1 1 2 2 0 2 2 2 2 2 2 0 2 2 2 2 2 2 2 2 1 1 1 1 1 2 2 0 2 2 2 2 2 2 2 2 2 2 1 2 2 2 2 2 2 0 2 2 2 2 2 2 2 2 2 0 2 0 2 2 2 1 1 1 2 2 0 0 0 2 0 2 2 2 0 1 1 2 1 1 2 2 2 0 2 2 2 2 2 0 2 2 2 2 1 0 1 1 2 2 2 2 1 1 1 1 1 1
1 1 1 1 1 1 1 1 2 2 0 2 2 2 2 2 2 2 2 2 1 1 0 2 2 2 2 0 1 1 1 2 2 2 2 0 2 2 2 2 2 2 2 0 2 2 2 2 2 0 2 2 2 2 2 2 2 0 2 2 2 2 2 0 2 2 2 2 2 2 1 1 1 1 1 1 1 2 0 1 1 2 2 2 2 2 2 2 2 0 0 2 2 2 2 2 2 0 0 2 0 0 2 2 2 2 2 2 2 2 2 0 2 2 2 2 2 2 1 1 1 1 1 2 0 2 2 2 2 0 2 2 2 0 2 2 2 2 2 2 2 2 2 2 2 2 0 0 2 2 0 2 2 0 2 2 2 0 1 1 1 2 2 2 2 2 2 2 0 2 2 2 2 1 1 2 1 1 1 2 2 2 2 2 2 0 2 0 0 0 2 0 1 2 1 1 2 2 0 2 2 1 1 1 1 1
1 1 1 1 2 1 1 1 1 0 2 2 3 0 2 2 2 2 2 1 1 1 1 2 2 0 0 2 2 2 0 2 2 2 2 2 2 2 2 0 0 2 2 2 2 2 2 2 0 0 2 2 2 2 2 2 0 2 0 0 3 2 2 2 0 2 2 0 2 1 1 1 1 1 1 1 2 2 0 2 2 0 2 2 2 0 2 2 2 0 2 0 0 0 2 2 2 0 2 2 2 2 0 2 0 0 2 0 2 2 2 0 0 2 0 2 2 2 2 1 1 1 2 2 2 2 0 2 2 2 2 2 2 2 2 2 2 2 2 2 2 2 2 2 2 0 0 2 2 0 2 2 2 2 0 0 0 2 1 1 0 3 0 2 0 2 2 2 2 2 2 2 0 2 1 0 1 1 1 2 2 2 2 0 2 2 0 2 2 2 2 0 2 2 1 1 2 2 2 0 2 0 1 1 1 1
1 1 1 2 0 2 1 1 1 2 0 2 2 2 2 2 2 2 1 1 1 1 1 0 2 2 0 2 0 2 2 2 0 0 2 3 2 2 2 2 2 0 0 2 2 0 2 2 2 0 2 1 0 2 2 2 2 0 2 2 0 2 2 2 2 2 2 2 1 1 1 1 1 1 1 1 2 0 2 2 2 2 2 2 2 1 0 3 2 2 2 2 2 2 2 2 2 0 2 2 2 2 0 0 0 0 2 2 2 2 2 2 0 2 2 0 2 2 2 0 0 2 0 2 2 2 2 2 2 2 2 2 2 2 2 2 2 2 0 2 2 0 2 2 0 0 0 2 2 0 2 2 2 0 2 2 2 2 2 0 0 2 2 2 2 0 2 2 2 0 2 2 0 2 2 2 1 1 1 3 2 2 2 2 0 2 2 2 2 0 2 2 2 0 1 1 2 1 2 2 2 2 1 1 1 1
1 1 1 1 0 2 1 1 1 2 2 2 2 2 2 2 2 1 1 1 1 1 2 2 0 0 2 2 0 2 0 2 0 2 2 2 2 2 2 2 2 2 2 0 2 2 0 2 2 0 2 1 1 2 2 2 0 2 2 1 1 2 2 1 1 1 1 1 1 1 1 1 1 1 1 1 2 2 2 2 0 0 2 2 0 2 2 2 2 0 2 0 2 2 0 2 2 2 0 2 2 2 0 2 2 2 2 2 0 2 2 2 2 2 2 0 2 2 2 2 0 2 2 2 2 2 2 2 2 2 2 2 2 0 0 2 2 2 2 2 2 2 2 2 0 2 1 1 0 2 2 2 1 1 2 2 2 2 0 2 2 2 2 2 0 0 2 2 0 2 2 0 2 2 2 2 1 1 1 2 2 2 0 2 2 2 2 2 2 2 2 2 1 2 1 1 2 1 1 2 0 2 1 1 1 1
1 1 1 1 2 0 1 1 1 0 2 2 2 2 1 0 1 1 1 1 1 1 2 2 2 0 2 2 2 0 2 2 0 2 2 2 0 0 2 0 2 1 1 2 2 2 2 2 2 0 2 2 3 0 0 0 2 2 0 1 1 1 1 1 1 1 1 1 1 1 1 1 1 1 1 1 1 2 0 2 2 2 2 2 2 2 2 2 3 2 2 2 0 2 1 1 0 2 2 2 2 0 2 2 0 2 2 1 1 1 2 2 0 2 2 2 0 0 2 0 2 2 2 2 2 1 1 2 0 2 2 2 2 2 0 2 2 2 2 2 1 2 2 2 2 2 1 1 1 0 2 2 2 1 1 1 0 2 2 0 0 2 2 2 0 2 1 1 1 2 2 2 2 2 1 0 1 1 2 2 0 2 3 2 2 0 2 2 0 2 1 1 1 0 1 1 2 1 1 1 2 2 1 1 1 1
1 1 1 0 2 2 2 1 1 1 0 2 2 1 1 2 1 1 1 1 1 1 1 2 2 2 2 2 0 2 2 2 2 2 2 2 2 0 0 2 0 1 1 0 0 2 2 2 2 2 2 2 2 2 2 2 2 2 0 1 1 1 1 1 1 1 1 1 0 2 1 1 1 1 1 1 1 1 0 2 2 2 2 2 0 2 0 2 2 2 2 2 2 2 0 2 1 1 1 2 0 2 2 2 0 2 1 1 1 1 1 1 0 2 2 0 2 2 2 2 2 2 2 2 1 1 1 1 2 2 0 2 2 0 0 2 0 2 2 1 1 1 2 2 2 2 1 1 0 2 2 2 0 2 1 1 1 2 0 0 2 2 1 2 0 1 1 1 1 2 0 2 2 1 1 2 1 1 2 0 0 2 2 2 0 0 2 0 2 1 1 1 1 2 1 1 2 1 1 1 0 2 2 1 1 1
1 1 1 2 2 2 2 2 1 1 1 1 1 1 1 0 1 1 1 1 1 1 1 1 2 2 2 2 2 0 2 0 2 2 2 2 2 2 2 2 2 1 1 2 2 2 2 2 2 0 0 2 2 2 2 2 2 2 2 2 2 2 2 2 2 2 2 2 2 2 2 1 1 1 1 1 1 1 1 2 2 2 2 0 2 2 2 2 2 0 2 0 2 2 2 1 1 1 1 1 2 2 2 2 0 1 1 1 1 1 1 1 1 2 2 0 0 2 0 2 2 0 2 2 1 1 1 1 2 2 2 2 2 2 2 2 2 2 0 1 1 1 0 2 2 2 0 2 2 2 2 2 2 2 2 1 1 2 2 0 2 1 1 1 1 1 1 1 2 2 2 2 2 1 1 2 1 1 2 0 2 3 0 2 0 0 2 2 2 1 1 1 1 2 1 1 2 1 1 0 2 2 2 1 1 1
1 1 1 2 2 2 2 2 1 1 1 1 1 1 1 2 1 1 1 1 1 1 1 1 0 2 2 0 2 2 2 2 2 2 0 2 2 2 2 2 2 2 2 2 2 2 2 2 2 2 2 2 0 2 2 2 2 2 2 2 0 2 2 2 2 2 2 2 0 0 2 2 2 1 1 1 1 1 1 2 0 2 2 2 3 2 2 1 1 0 0 2 0 0 2 1 1 1 1 1 2 2 2 0 1 1 1 1 1 1 1 1 1 2 3 2 2 2 2 2 0 2 2 0 1 1 1 0 2 2 0 2 2 2 2 2 2 2 2 0 0 2 2 2 2 2 2 2 0 2 0 2 2 0 0 1 1 2 2 2 2 1 1 1 1 1 1 2 2 2 0 2 0 1 1 2 1 1 2 2 2 2 2 2 2 0 0 2 2 2 1 1 1 2 1 1 0 1 0 0 2 2 2 1 1 1
1 1 1 1 0 2 2 2 2 1 1 1 1 1 1 0 1 1 1 1 1 1 1 1 1 2 2 2 2 2 2 2 2 2 2 0 0 2 2 2 2 2 0 2 2 2 2 2 2 2 2 2 2 2 2 2 0 2 2 2 2 2 2 2 2 3 2 0 2 2 0 2 2 0 1 1 1 1 1 0 0 2 2 2 0 2 1 1 1 1 0 0 2 2 2 2 1 1 1 1 2 2 2 3 1 1 1 1 1 1 1 1 2 2 0 2 2 0 2 3 2 2 2 2 2 1 2 0 0 2 2 2 2 2 2 2 2 0 2 2 2 2 2 2 2 2 2 2 2 2 0 2 0 2 1 1 1 2 2 2 2 1 1 1 1 1 2 2 2 0 2 0 0 2 1 2 1 1 0 2 2 0 2 2 2 2 2 2 2 0 0 2 0 0 1 1 2 2 2 2 0 2 1 1 1 1
1 1 1 1 0 0 2 2 2 2 1 1 1 1 1 2 2 2 1 1 1 1 1 1 1 1 0 2 0 0 0 2 0 2 2 2 2 2 2 2 2 2 2 2 0 2 2 2 2 0 0 2 2 2 0 2 2 0 2 2 2 2 2 0 2 2 1 1 1 1 1 1 2 1 1 1 1 1 1 2 0 2 2 2 2 2 1 1 1 2 2 2 3 2 2 2 2 2 2 2 2 2 2 2 2 1 1 1 1 1 1 2 2 2 0 2 0 2 2 2 0 2 2 2 2 2 2 2 2 2 2 2 2 2 2 0 2 2 2 0 2 0 2 0 2 0 2 2 0 2 2 2 2 0 2 1 2 2 2 2 2 2 1 1 1 2 0 2 2 2 2 0 0 2 0 2 1 1 2 0 3 2 2 2 2 2 2 2 2 2 0 2 2 2 2 2 2 2 0 2 3 1 1 1 1 1
1 1 1 1 0 2 2 0 2 2 0 2 1 1 1 0 1 2 2 1 1 1 1 1 1 1 2 2 3 0 0 2 2 2 2 2 2 2 0 2 2 2 0 2 2 2 2 2 2 2 2 2 0 2 2 2 2 2 2 2 2 2 2 0 2 1 1 1 1 1 1 1 1 1 1 1 1 1 2 2 2 2 2 2 2 1 1 1 0 2 2 2 2 2 2 0 2 0 0 2 2 2 2 2 1 1 1 1 1 2 2 0 2 2 2 2 1 1 1 1 1 2 2 2 2 0 2 2 2 2 0 2 2 2 2 0 2 2 2 2 2 2 2 2 2 2 2 0 2 2 2 2 2 2 0 2 0 2 0 2 2 0 2 3 2 2 3 2 2 0 2 2 2 2 2 2 2 2 2 0 0 2 2 2 0 0 2 2 2 0 2 2 2 2 2 2 2 2 0 2 1 1 1 1 1 1
1 1 1 1 2 2 2 2 2 2 2 2 2 1 1 2 1 2 0 2 2 1 1 1 1 1 2 2 0 2 2 0 2 2 0 2 2 2 2 2 2 2 2 2 2 2 2 2 0 2 2 2 0 2 2 3 2 1 1 1 1 1 1 1 1 1 1 1 1 1 1 1 1 1 1 0 0 2 2 2 0 2 2 2 2 1 1 1 2 2 2 2 2 2 2 2 2 0 0 3 2 2 1 1 1 1 1 1 2 2 2 0 2 2 2 2 1 1 1 1 1 2 2 2 2 2 2 2 2 2 0 2 2 2 0 2 2 2 2 2 2 2 2 0 2 2 2 0 2 0 2 2 0 2 2 2 2 2 2 2 2 2 2 2 0 2 0 2 2 2 0 2 3 2 0 2 2 2 2 2 2 2 2 2 2 0 2 2 2 2 2 2 2 2 2 2 2 3 2 2 1 1 1 1 1 1
1 1 1 1 2 2 2 2 2 2 2 2 2 2 2 2 1 2 2 2 2 2 1 1 1 2 2 2 2 0 2 2 0 2 2 0 2 0 0 2 2 1 1 2 2 2 0 2 2 2 2 2 2 2 2 2 2 1 1 1 1 1 1 1 1 1 1 1 1 1 1 1 1 1 2 2 2 2 2 0 2 2 2 2 2 1 1 1 2 2 2 2 0 2 0 2 2 0 2 2 2 2 1 1 1 1 1 2 2 2 0 2 2 2 2 2 1 1 1 1 1 2 2 2 2 0 2 2 3 2 2 2 2 2 2 2 2 2 2 0 2 2 0 2 2 2 0 0 2 0 2 2 2 2 2 2 2 2 2 2 2 0 2 0 2 2 2 2 2 0 2 2 2 2 0 2 2 2 2 2 2 2 2 2 2 2 2 0 2 2 2 2 2 2 0 2 2 0 2 2 1 1 1 1 1 1
1 1 1 1 2 2 2 2 2 2 0 0 2 2 2 2 0 2 2 2 0 0 2 1 1 2 0 2 2 2 0 0 2 2 2 2 2 2 2 0 1 1 1 1 2 0 2 2 0 2 2 2 2 0 0 2 0 2 1 1 1 1 1 0 2 1 1 0 2 2 1 1 1 2 2 2 2 0 2 2 2 2 2 2 2 1 1 0 3 2 2 2 2 2 0 0 2 0 2 2 2 1 1 1 1 1 2 2 2 2 2 0 2 2 0 2 1 1 1 1 0 2 2 2 2 2 2 0 2 2 0 0 2 2 2 2 3 2 2 2 2 2 2 2 2 0 2 2 2 1 1 1 1 1 2 2 0 2 2 0 2 2 2 0 2 2 3 2 2 2 2 2 2 0 2 2 2 2 0 2 0 2 0 0 2 2 2 2 2 0 2 2 2 2 2 2 2 2 0 2 1 1 1 1 1 1
1 1 1 1 2 2 2 2 0 2 2 0 2 2 2 2 2 2 2 2 2 2 0 1 1 1 2 2 2 2 2 2 2 2 2 2 2 2 2 2 1 1 1 1 2 2 2 0 2 2 2 2 2 2 2 2 2 2 2 1 1 1 2 2 2 2 0 0 2 2 2 2 2 2 2 2 2 0 2 2 2 2 0 2 0 2 2 2 2 2 2 0 2 2 2 2 2 2 2 0 2 2 1 1 1 2 2 2 2 2 2 2 2 2 2 2 1 1 1 1 0 2 2 1 1 2 2 2 0 2 2 2 2 2 2 2 2 2 2 2 2 2 2 2 2 2 0 2 1 1 1 1 1 1 1 2 2 0 2 1 1 1 2 2 2 2 0 3 2 2 2 2 1 1 1 2 2 2 0 2 2 2 2 2 2 2 2 0 2 2 2 0 0 2 2 2 2 2 2 2 1 1 1 1 1 1
1 1 1 1 0 2 2 0 0 2 2 2 2 2 2 2 2 2 2 2 2 2 1 1 1 1 2 2 0 2 0 1 2 0 3 0 2 0 2 2 1 1 1 1 1 2 2 0 0 2 0 2 2 2 2 2 2 2 2 2 1 2 2 3 2 2 2 2 2 2 2 2 2 2 2 2 1 1 2 2 2 0 2 2 2 2 0 2 2 0 0 2 2 2 2 2 0 2 2 0 0 2 2 2 2 2 2 2 2 2 0 2 2 2 2 1 1 1 1 2 0 2 0 1 1 1 2 2 2 2 2 0 2 2 2 2 2 2 2 0 2 0 2 2 2 2 2 1 1 1 1 1 1 1 1 2 2 0 1 1 1 1 1 0 3 2 2 0 2 0 2 1 1 1 1 2 1 0 2 2 0 2 2 2 0 0 0 2 2 2 2 2 0 2 2 3 2 0 2 2 1 1 1 1 1 1
1 1 1 1 2 2 2 2 2 2 0 2 0 2 2 2 0 1 1 1 1 1 1 1 1 1 2 2 2 2 1 1 1 2 2 2 2 2 2 0 2 1 1 1 1 1 2 0 0 2 0 2 0 2 0 0 2 2 2 2 2 2 2 2 0 2 2 0 0 2 0 0 2 2 2 1 1 1 1 2 0 2 2 2 2 2 2 0 2 2 0 2 2 0 2 2 2 0 2 2 2 2 2 0 2 2 2 2 2 2 2 2 2 2 1 1 1 1 1 0 2 0 2 1 1 0 2 2 2 2 0 2 3 2 2 2 0 2 2 0 0 2 2 0 0 2 2 2 1 1 1 1 0 2 2 0 2 2 1 1 1 1 1 2 2 2 2 2 2 2 1 1 1 1 1 2 0 2 2 2 2 0 0 2 2 3 2 2 2 2 2 0 2 2 2 2 2 2 2 0 2 1 1 1 1 1
1 1 1 1 0 2 2 2 0 2 2 2 2 2 2 2 1 1 1 1 1 1 1 1 1 0 0 2 2 0 1 1 1 0 2 2 2 2 0 0 0 1 1 1 1 1 0 0 2 2 0 2 2 0 2 2 2 2 2 2 2 0 2 2 0 2 2 2 2 0 1 2 2 2 2 1 1 1 1 2 2 0 2 2 2 0 2 2 2 2 2 2 2 2 0 0 2 2 2 2 2 0 2 2 2 2 2 2 2 0 2 2 2 0 1 1 1 1 1 2 2 0 2 2 2 2 2 2 0 2 0 2 0 2 2 2 2 2 2 2 2 2 2 2 2 2 2 2 3 2 2 2 0 2 2 0 2 2 1 1 1 1 2 2 2 2 2 2 2 2 1 1 1 1 1 2 2 2 2 0 0 0 2 2 2 2 2 2 2 2 2 2 2 2 2 2 2 0 3 0 2 1 1 1 1 1
1 1 1 1 2 2 2 2 3 2 0 0 0 2 0 2 1 1 1 1 1 1 1 1 0 2 2 2 2 2 2 2 2 2 2 2 2 0 2 2 1 1 1 1 1 1 2 2 3 0 2 2 2 2 2 2 2 2 3 2 0 2 0 2 0 2 2 2 2 2 2 2 3 2 2 1 1 1 1 2 2 2 2 0 0 3 2 2 2 2 3 0 2 0 0 3 2 0 2 2 2 2 2 2 2 2 2 0 2 2 2 2 2 0 2 1 1 1 1 0 2 2 2 2 2 2 2 2 2 2 2 2 2 2 2 2 2 2 0 2 1 2 3 0 2 0 2 0 2 2 2 2 2 2 2 2 2 0 1 1 1 1 2 3 2 2 2 2 2 2 2 2 2 2 2 0 3 2 2 2 2 2 0 2 2 0 2 2 2 0 2 2 2 2 2 2 2 2 0 0 1 1 1 1 1 1
1 1 1 1 0 0 2 2 0 2 2 3 2 2 1 2 1 1 1 1 1 1 1 2 2 2 2 0 0 2 2 2 2 2 0 2 0 2 2 2 1 1 1 1 1 1 2 2 2 1 1 1 2 2 0 1 1 2 2 2 2 2 0 2 2 2 0 2 0 2 2 2 2 2 2 2 1 1 1 0 0 2 2 2 2 2 0 2 0 2 0 0 1 1 1 2 2 2 0 2 2 2 2 0 2 2 2 0 2 2 2 2 2 2 0 2 1 1 1 2 2 2 2 2 0 0 2 2 2 0 0 2 2 0 0 2 2 2 2 0 1 1 3 2 0 2 2 2 0 2 0 2 2 2 2 2 2 2 1 1 1 2 2 2 2 2 2 2 2 2 2 2 0 0 2 2 2 2 2 2 2 2 2 2 2 0 2 2 2 2 2 0 2 2 0 2 2 2 2 1 1 1 1 1 1 1
1 1 1 1 0 2 2 2 0 2 0 2 2 2 1 2 1 1 1 1 1 1 2 2 2 0 2 2 2 2 2 2 2 0 0 0 2 2 2 1 1 1 1 1 1 1 2 2 2 1 1 1 1 2 2 2 1 1 2 0 2 2 2 0 2 2 2 3 0 0 2 2 2 0 0 2 2 1 2 2 0 2 2 2 2 2 2 2 2 2 2 2 2 1 2 2 0 2 2 2 0 2 2 2 2 2 2 0 2 2 0 2 0 2 2 2 1 1 1 1 2 0 2 2 2 0 0 2 2 2 2 2 0 2 2 2 2 2 2 2 1 1 1 2 2 2 2 2 2 1 1 0 0 2 2 2 2 2 0 0 2 2 2 2 2 2 2 2 2 2 2 0 0 0 2 2 2 2 2 0 0 2 0 2 2 2 0 2 2 2 2 2 2 2 2 2 2 2 1 1 1 1 1 1 1 1
1 1 1 1 1 2 0 2 2 0 2 2 2 2 2 2 1 1 1 2 2 2 2 0 2 2 2 3 2 0 2 2 2 2 2 2 1 1 1 1 1 1 1 1 1 1 2 3 0 2 1 1 0 2 2 2 1 1 1 1 2 3 2 2 3 2 2 2 2 2 2 0 0 2 2 2 2 0 2 0 2 2 2 2 0 2 2 2 2 0 2 2 2 2 2 2 2 2 2 2 2 2 2 2 2 2 2 2 2 0 2 2 2 2 2 2 1 1 1 1 1 2 2 2 2 2 2 2 2 2 2 2 2 2 2 2 2 2 2 2 2 1 2 2 2 2 2 2 1 1 1 1 2 0 2 2 2 2 2 2 0 2 2 2 2 2 2 3 2 0 2 2 2 2 2 2 2 2 2 2 2 0 2 0 2 2 2 2 2 0 2 2 2 2 2 0 0 1 1 1 1 1 1 1 1 1
1 1 1 1 1 1 2 2 2 0 2 2 2 2 2 2 2 2 2 0 2 2 0 2 2 2 2 2 2 2 0 0 0 2 0 1 1 1 1 1 1 1 1 1 1 1 1 2 0 2 2 2 2 2 2 0 0 1 1 1 1 0 2 2 2 0 0 2 2 2 2 0 0 2 2 0 0 0 2 2 0 2 2 0 2 2 0 0 2 2 2 2 0 2 2 2 2 2 2 2 2 2 2 2 2 0 2 2 2 0 2 2 2 0 2 0 1 1 1 1 1 1 1 2 2 2 2 0 2 2 2 0 2 2 2 2 2 2 0 2 2 2 0 2 2 2 2 2 1 1 1 1 1 2 2 2 2 2 2 2 2 2 2 2 2 2 0 2 2 2 2 0 0 2 2 2 2 2 2 0 2 2 2 2 2 2 2 0 3 2 2 2 2 2 2 2 0 1 1 1 1 1 1 1 1 1
1 1 1 1 1 1 1 1 1 0 2 2 2 2 2 2 2 0 2 2 1 1 2 2 2 2 2 2 2 2 0 2 2 2 1 1 1 1 1 1 1 1 1 1 1 1 1 2 0 2 2 0 0 2 2 2 2 1 1 1 1 2 2 0 2 2 0 2 2 2 2 2 2 0 2 0 2 2 1 1 1 2 0 2 2 2 2 2 2 2 2 2 2 2 2 0 0 0 2 2 0 2 2 3 2 2 2 2 2 2 2 0 2 0 2 2 2 1 1 1 1 1 1 1 1 2 2 2 2 2 2 2 0 2 2 2 2 2 2 2 2 0 2 2 2 2 2 2 1 1 1 1 1 3 2 2 2 2 0 2 2 0 0 2 3 2 1 2 2 2 2 2 2 2 2 2 2 2 2 2 0 2 2 2 2 2 2 2 2 2 0 2 0 2 2 1 2 1 1 1 1 1 1 1 1 1
1 1 1 1 1 1 1 1 1 1 2 2 0 2 2 2 0 1 1 1 1 1 1 1 1 2 2 2 2 2 2 2 2 1 1 1 1 1 1 1 1 1 1 1 1 1 1 2 2 2 2 2 2 2 0 2 2 1 1 1 1 2 2 2 0 2 2 2 2 2 2 2 2 2 2 2 2 1 1 1 1 1 1 0 2 2 2 2 2 2 2 2 0 2 0 2 2 2 2 2 0 2 2 2 2 2 2 2 0 1 1 0 2 0 2 2 2 0 1 1 1 1 1 1 1 1 2 0 2 2 2 0 2 2 2 0 0 2 2 2 0 2 2 2 2 2 2 2 0 1 1 1 2 2 0 2 2 2 2 2 0 2 2 2 2 2 2 2 2 0 2 2 2 2 2 0 1 1 1 1 2 2 2 2 2 2 0 2 0 0 0 2 2 2 1 1 2 1 1 2 2 1 1 1 1 1
1 1 1 1 1 1 1 1 1 1 1 2 2 2 0 2 2 1 1 1 1 1 1 1 1 1 1 2 2 0 1 1 1 1 1 1 1 1 1 2 2 2 1 1 1 1 1 1 0 2 2 2 2 2 0 2 1 1 1 1 1 2 2 0 2 2 2 2 2 2 2 2 0 2 0 0 1 1 1 1 1 1 1 1 0 2 2 2 1 1 1 2 2 0 2 2 1 1 1 2 0 2 2 2 2 2 2 2 1 1 1 1 1 2 2 2 2 2 2 1 1 1 1 1 1 1 0 2 2 2 2 2 0 2 2 2 2 1 1 1 0 0 2 2 2 2 2 2 2 2 0 2 0 0 2 2 2 2 2 2 0 0 2 0 2 0 2 2 2 2 2 2 0 2 2 2 1 1 1 1 1 2 2 2 2 0 2 2 2 2 0 2 2 2 1 1 2 1 2 2 0 2 1 1 1 1
1 1 1 1 1 1 1 1 1 1 1 2 2 0 0 2 2 1 1 1 1 1 1 1 1 1 1 1 1 1 1 1 1 1 1 1 1 1 0 2 2 0 2 1 1 1 1 1 2 2 2 2 0 2 2 2 1 1 1 1 2 2 2 0 2 2 0 2 2 2 2 0 0 2 0 0 1 1 1 1 1 1 1 1 2 2 2 2 1 1 1 0 2 0 0 1 1 1 1 1 1 2 0 0 2 2 2 0 1 1 1 1 1 1 2 2 2 2 2 1 1 1 1 1 1 2 0 2 2 2 0 2 0 2 2 2 1 1 1 1 1 2 2 0 0 2 2 2 2 0 0 0 2 2 2 2 0 2 2 2 2 2 2 2 2 2 0 2 2 2 0 2 2 2 2 2 1 1 1 1 1 2 2 2 2 0 2 2 2 2 2 2 0 2 0 1 2 2 2 2 2 2 1 1 1 1
1 1 1 1 1 1 1 1 1 1 1 1 2 2 2 2 0 2 2 2 2 1 1 1 1 1 1 1 1 1 1 1 1 1 1 1 1 1 2 2 2 2 2 1 1 1 1 3 2 0 2 2 0 0 2 2 1 1 1 1 0 0 2 2 2 0 2 2 2 0 2 0 0 2 2 1 1 1 1 1 1 1 1 1 2 0 2 2 2 1 1 0 2 2 2 2 1 1 1 1 1 1 2 2 2 0 3 2 0 1 1 1 1 1 1 1 0 2 1 1 1 1 1 1 2 2 2 2 1 1 2 2 0 0 2 2 0 1 1 1 1 1 2 2 2 1 1 2 2 2 2 2 2 2 2 0 2 2 0 2 3 2 2 2 0 2 2 1 1 2 2 2 2 2 1 0 1 1 1 1 2 2 2 2 2 2 2 2 2 2 2 2 0 2 2 2 2 2 2 2 2 1 1 1 1 1
1 1 1 1 1 1 1 1 1 1 1 1 2 2 0 2 2 2 2 0 2 1 1 1 1 1 1 2 2 1 1 1 0 2 2 1 1 2 2 0 2 0 2 2 1 1 2 2 2 2 0 2 2 0 2 2 1 1 1 1 1 2 2 2 2 2 2 0 2 2 2 2 0 3 1 1 1 1 1 2 2 1 1 1 2 3 2 2 0 1 1 1 2 2 2 0 0 1 1 1 1 1 1 0 2 2 2 2 2 0 1 1 1 1 1 1 1 1 1 1 1 1 1 1 1 2 0 1 1 1 1 0 2 0 2 2 2 0 2 2 1 1 1 1 1 1 1 2 2 2 0 2 2 1 1 2 2 3 2 2 0 1 1 2 2 2 1 1 1 2 0 0 2 3 1 2 1 1 1 2 2 2 2 2 0 2 0 0 2 2 2 2 2 2 2 2 2 2 2 2 2 1 1 1 1 1
1 1 1 1 1 1 1 1 1 1 1 1 1 2 2 2 2 2 2 2 1 1 1 1 1 1 2 2 2 0 1 1 2 2 2 0 2 2 2 2 2 2 2 2 0 2 0 2 2 2 0 2 2 2 2 2 0 1 1 1 1 1 2 2 2 2 2 2 2 2 0 2 0 1 1 1 1 1 3 2 2 2 2 3 0 2 2 2 2 0 2 2 2 2 0 2 0 2 2 2 0 2 2 2 2 2 0 2 2 2 2 0 2 2 0 2 2 2 2 0 2 2 2 2 0 2 2 2 0 0 2 2 0 2 0 2 2 2 0 2 0 2 2 2 2 2 2 2 2 3 2 2 2 2 2 2 0 3 2 2 0 2 2 2 2 2 2 2 0 2 0 2 0 0 2 2 2 2 0 2 2 0 2 0 2 0 0 2 2 0 2 0 2 2 3 0 2 2 0 2 2 1 1 1 1 1
1 1 1 1 1 1 1 1 1 1 1 1 1 2 2 2 0 2 0 1 1 1 1 1 1 0 0 2 2 2 1 1 1 2 2 2 2 2 2 2 2 0 2 2 2 2 2 2 0 2 2 1 1 2 2 2 2 0 2 1 1 1 1 0 2 2 2 2 0 2 0 2 1 1 1 1 1 2 3 0 0 2 0 2 2 2 2 0 2 2 2 1 1 1 0 2 2 2 2 1 1 1 2 2 3 2 2 0 0 2 2 1 1 1 1 1 1 1 2 2 2 1 1 1 1 1 1 1 1 1 1 1 2 0 2 0 2 2 2 2 2 2 0 2 0 2 2 2 2 0 2 2 2 2 2 2 0 2 2 2 1 1 1 1 1 1 1 0 0 2 2 2 2 2 2 2 1 2 2 2 2 2 2 2 0 2 0 0 2 2 2 0 0 2 2 2 2 2 2 2 2 1 1 1 1 1
1 1 1 1 1 1 2 0 2 1 1 1 2 0 2 2 2 2 2 1 1 1 1 1 2 2 2 2 0 2 1 1 1 1 1 1 1 1 1 1 2 2 2 2 2 2 2 2 2 2 1 1 1 1 2 0 2 0 2 2 1 1 1 1 1 1 2 2 0 2 0 3 1 1 1 1 2 2 2 2 0 2 2 2 2 2 2 2 2 2 2 1 1 1 0 2 2 2 2 0 0 2 0 2 2 2 2 0 2 0 2 2 2 2 1 1 1 3 2 2 0 2 2 1 1 2 2 1 1 1 1 1 2 2 2 2 2 2 3 0 2 0 0 0 2 2 0 2 2 2 2 2 2 2 2 2 2 2 2 2 1 1 1 1 1 1 2 0 2 2 2 0 2 2 2 2 2 2 2 2 2 2 2 2 2 0 2 2 2 0 2 0 2 0 2 2 2 2 2 0 0 1 1 1 1 1
1 1 1 1 1 3 2 2 2 2 2 0 2 0 2 2 2 0 0 2 1 1 2 0 2 2 2 0 2 2 2 1 1 1 1 1 1 1 1 1 2 2 2 2 2 2 2 2 2 1 1 1 1 1 1 2 2 2 2 0 1 1 1 1 1 1 1 2 2 2 2 0 2 1 1 0 2 0 2 2 2 2 0 0 3 2 2 2 2 0 2 1 1 1 2 2 2 2 2 2 2 2 2 2 2 2 2 2 2 3 2 2 2 2 2 2 2 2 2 2 2 2 2 2 0 2 3 2 1 1 1 0 0 2 2 2 2 2 2 2 2 2 2 2 2 2 2 2 2 2 2 2 0 2 2 2 2 2 2 0 1 1 1 1 2 2 2 2 2 2 2 3 0 2 2 2 0 2 0 0 2 0 2 2 2 0 2 2 2 2 0 2 2 2 2 2 2 2 0 0 2 1 1 1 1 1
1 1 1 1 0 2 2 2 0 2 0 0 2 2 2 2 2 2 2 2 2 2 2 0 2 0 2 2 2 2 0 2 2 1 1 1 1 1 1 1 2 2 2 2 2 2 2 2 2 1 1 1 1 1 1 1 2 2 3 0 1 1 1 1 1 1 1 1 2 2 2 0 2 2 2 2 2 2 2 2 0 2 2 2 2 2 0 2 2 2 0 0 2 2 2 2 2 2 2 1 1 1 2 2 2 2 2 2 2 2 2 2 2 2 2 0 2 2 0 2 2 2 0 2 2 0 2 0 2 2 0 3 2 2 2 2 0 2 2 0 2 2 2 2 0 2 0 2 2 2 2 2 2 2 2 2 2 2 2 2 2 1 1 2 2 2 0 0 2 2 2 2 2 2 2 2 0 2 2 2 2 0 2 2 2 0 2 0 2 2 0 2 0 2 2 2 2 2 2 2 2 2 1 1 1 1
1 1 1 1 2 2 0 2 2 2 2 2 2 0 2 2 2 2 2 2 0 2 2 2 2 3 2 2 2 2 2 2 2 2 1 1 1 1 1 1 0 2 2 2 2 2 2 2 2 1 1 1 1 1 1 1 0 2 2 1 1 1 1 1 1 1 1 1 2 2 2 2 2 2 2 3 2 2 0 2 2 2 2 2 2 0 2 2 2 2 2 2 0 2 0 2 2 0 1 1 1 1 1 2 2 2 2 2 1 2 2 2 2 2 2 2 2 2 2 2 2 2 2 2 2 2 2 2 2 0 2 0 2 2 0 2 0 2 2 0 2 2 2 2 2 2 2 0 0 0 0 2 2 2 2 0 0 2 2 2 2 2 2 2 2 2 2 2 1 1 1 1 1 2 0 2 0 2 2 0 2 0 2 0 2 2 2 0 2 2 0 2 0 2 0 0 2 2 2 2 2 0 1 1 1 1
1 1 1 1 2 0 2 2 2 2 2 2 2 2 2 2 2 2 2 2 2 2 2 2 0 2 2 2 2 2 2 2 0 2 1 1 1 1 1 2 2 2 2 0 2 3 2 2 2 1 1 1 1 1 1 0 0 2 1 1 1 1 1 1 1 1 1 1 2 2 2 0 2 2 2 0 0 2 0 2 2 3 2 2 2 2 2 2 2 0 2 0 2 2 2 2 2 2 1 1 1 1 1 2 2 2 0 1 1 1 2 2 0 2 2 2 2 2 2 2 0 2 2 0 2 2 2 0 0 2 2 2 1 0 2 2 2 2 2 2 2 2 0 2 0 0 2 1 2 0 0 2 2 2 3 0 0 1 1 0 0 2 0 2 2 0 2 0 1 1 1 1 1 1 1 0 2 0 2 2 2 2 2 2 2 2 2 2 2 2 0 2 1 3 2 2 2 2 2 0 2 2 1 1 1 1
1 1 1 1 1 2 2 0 2 2 0 2 0 2 2 0 2 2 2 2 2 2 2 0 2 2 2 2 2 2 2 2 2 2 1 1 1 1 0 3 2 2 2 2 0 2 2 2 2 1 1 1 1 2 0 0 1 1 1 1 1 1 1 2 2 2 2 2 2 0 0 0 2 2 2 2 2 0 2 2 2 0 2 2 0 2 2 2 3 2 2 2 2 2 2 2 2 1 1 1 1 1 2 0 2 2 0 2 1 2 0 2 2 0 0 2 2 1 1 0 2 2 2 2 2 2 2 2 2 0 2 1 1 1 2 2 2 2 2 2 2 2 2 2 2 2 1 1 1 2 0 2 2 0 2 2 1 1 1 1 2 2 0 2 0 0 0 0 0 2 2 0 2 2 2 2 1 2 2 2 2 2 2 2 2 2 2 2 2 2 2 0 1 2 1 2 2 3 2 0 2 0 1 1 1 1
1 1 1 1 1 1 1 2 2 2 2 2 0 2 2 2 2 0 2 2 2 2 2 2 2 0 2 2 2 2 2 0 2 2 1 1 1 1 0 2 2 2 2 0 0 2 2 2 1 1 1 1 2 2 2 1 1 1 1 1 1 1 2 2 2 0 2 0 2 2 2 0 0 2 2 0 0 0 2 0 2 2 2 2 2 2 0 2 2 0 2 2 2 2 2 1 1 1 1 1 1 2 2 2 2 0 0 0 2 2 2 2 0 2 2 2 0 0 2 2 2 2 2 0 2 2 0 0 2 2 1 1 1 2 2 2 2 2 2 2 0 2 2 0 0 2 0 1 2 2 2 2 2 2 1 1 1 1 1 1 2 2 2 2 0 2 1 2 0 2 0 2 1 1 1 1 1 1 2 2 2 2 2 2 0 0 0 2 2 2 0 2 2 2 1 0 2 2 2 2 2 2 1 1 1 1
1 1 1 1 1 1 1 1 2 2 2 2 0 2 2 2 2 2 2 2 2 2 2 2 2 0 2 2 2 0 2 2 2 2 2 1 1 1 0 2 2 0 2 0 0 2 2 2 2 1 1 2 2 2 2 2 1 2 2 1 1 1 2 2 2 3 2 2 2 2 2 0 0 2 2 2 2 0 0 2 2 2 2 0 2 2 2 2 2 2 2 2 2 1 1 1 1 1 1 1 1 2 2 0 0 2 0 2 0 2 2 2 2 2 2 2 2 2 2 2 2 2 2 2 1 1 2 2 0 2 1 1 1 2 2 2 0 2 2 2 2 2 2 2 2 2 2 2 2 2 2 0 2 1 1 1 1 1 1 1 0 2 2 0 2 1 1 1 2 2 2 2 2 1 1 1 1 1 2 0 2 2 2 2 2 2 2 0 2 2 0 2 2 2 1 1 2 2 2 2 0 2 1 1 1 1
1 1 1 1 1 1 1 1 0 2 2 0 2 2 2 2 0 2 2 2 2 2 0 2 2 2 2 0 2 2 0 2 2 2 2 2 2 2 2 2 2 2 2 2 0 0 2 2 0 2 2 2 2 2 0 0 3 2 2 2 2 0 2 0 2 2 2 3 2 2 0 2 2 2 2 2 2 2 2 2 0 2 0 2 2 2 0 2 0 2 2 0 2 2 2 2 2 2 2 2 2 2 2 0 2 2 0 2 2 0 2 2 2 0 0 2 2 2 2 0 2 2 2 0 2 0 2 0 0 2 2 0 2 2 2 2 2 2 2 2 2 2 0 2 2 2 2 2 2 0 2 2 2 0 2 2 2 0 2 0 0 2 2 2 2 2 0 2 2 2 2 2 2 2 1 1 1 1 0 2 2 2 2 2 2 3 2 2 2 2 0 0 2 2 2 0 2 2 2 2 2 2 1 1 1 1
1 1 1 1 1 1 1 1 2 2 2 2 0 2 2 2 3 2 2 2 0 0 2 2 2 0 2 2 2 2 0 2 2 2 2 1 1 1 1 0 2 0 2 0 2 2 2 2 2 3 3 2 2 2 2 2 2 2 2 0 2 0 2 0 2 2 2 2 2 2 2 2 2 2 2 2 2 2 2 2 0 2 2 2 2 0 2 2 2 2 2 2 1 1 1 1 1 1 1 2 2 0 2 2 3 2 2 2 2 0 2 2 2 2 2 0 2 2 0 2 2 0 1 1 1 1 1 0 2 0 2 0 2 2 2 0 2 2 2 2 2 2 2 0 2 3 2 2 2 2 2 2 2 1 1 2 2 2 0 2 2 2 2 2 0 2 1 1 1 2 0 2 1 0 1 1 1 1 0 2 2 2 2 2 2 0 2 0 2 2 2 2 2 2 2 2 0 2 2 2 2 2 1 1 1 1
1 1 1 1 1 1 1 2 2 2 3 2 2 2 2 2 2 0 0 2 2 2 2 2 2 2 2 2 2 2 2 3 0 2 2 1 1 1 1 1 2 0 2 2 2 2 2 2 2 2 2 0 2 0 0 0 2 0 2 2 3 2 2 2 2 2 0 2 2 2 2 2 2 0 2 2 0 0 1 1 1 2 0 2 2 0 2 2 0 2 2 0 1 1 1 1 1 1 2 2 2 0 2 2 2 2 2 2 2 2 2 2 2 0 2 2 0 2 2 1 1 1 1 1 1 1 2 2 2 2 0 2 0 2 2 2 0 2 2 3 2 2 2 2 2 2 2 2 2 0 2 2 2 0 2 2 2 2 2 2 2 0 2 2 2 2 1 1 1 1 1 1 1 2 1 1 1 1 2 0 2 2 2 0 0 2 0 2 2 2 0 2 0 2 2 0 0 2 2 2 2 1 1 1 1 1
1 1 1 1 1 1 2 3 2 2 1 2 2 2 2 2 2 2 2 2 2 2 2 2 2 0 2 2 2 2 2 2 2 2 2 1 1 1 1 1 1 1 1 0 0 2 2 2 2 2 2 0 2 2 2 2 2 2 2 0 2 2 2 0 2 2 2 2 0 2 1 2 2 2 2 0 2 2 1 1 1 2 2 2 2 2 2 0 2 2 0 1 1 1 1 1 1 2 2 2 0 2 2 2 0 2 2 0 3 2 0 2 2 0 2 2 2 0 1 1 1 1 1 1 1 2 0 0 0 0 2 2 0 2 2 2 2 2 2 2 2 0 1 1 2 2 2 2 2 2 0 2 2 2 2 0 2 2 2 0 2 2 2 0 2 2 1 1 1 1 1 1 1 2 1 1 1 1 0 0 0 2 2 2 0 0 2 2 2 2 2 2 2 2 2 2 2 2 1 1 1 1 1 1 1 1
1 1 1 1 1 1 0 2 2 1 1 1 2 0 2 2 0 2 1 1 2 2 2 0 2 2 2 2 2 0 2 2 0 2 2 2 1 1 1 1 1 1 1 1 0 2 2 2 2 2 2 2 2 0 2 2 2 2 3 2 0 2 2 2 2 2 2 2 2 1 1 1 2 2 2 2 2 2 2 2 2 2 2 2 0 0 2 2 0 2 0 1 1 1 1 1 2 2 2 2 2 0 2 2 2 2 2 2 2 2 0 2 2 2 2 2 0 1 1 1 1 1 1 1 1 0 2 2 2 2 2 2 0 2 2 2 2 2 0 2 2 1 1 1 1 2 0 0 2 2 2 2 2 2 2 2 2 2 0 0 2 3 2 2 2 3 2 1 1 1 1 1 1 3 1 1 1 1 2 0 2 2 2 2 2 2 2 2 2 0 2 2 2 0 2 1 2 1 1 1 1 1 1 1 1 1
1 1 1 1 1 2 2 2 0 1 1 1 2 2 2 2 0 3 2 2 2 2 2 2 2 2 2 2 2 2 0 3 2 2 0 2 0 0 0 2 2 2 2 2 0 2 2 2 2 2 2 2 2 2 2 2 2 2 2 2 2 2 3 2 0 2 2 2 1 1 1 1 1 2 0 2 2 2 3 0 2 2 2 2 2 2 2 2 2 2 2 1 1 1 1 2 0 2 2 2 0 0 2 2 0 2 2 0 2 2 2 0 2 2 2 2 1 1 1 1 1 1 1 1 1 0 0 0 0 2 2 2 0 2 2 2 2 0 0 1 1 1 1 1 1 0 0 3 2 2 2 2 2 0 2 0 2 2 2 0 2 0 2 2 2 2 2 2 1 1 1 1 1 2 1 1 1 1 2 2 0 2 2 0 2 2 2 1 1 1 2 2 2 2 1 1 2 1 1 0 2 1 1 1 1 1
1 1 1 1 1 2 2 2 2 3 2 2 2 2 2 2 1 1 1 1 1 1 1 1 2 0 2 2 0 0 2 2 2 0 2 2 1 1 1 1 1 1 1 2 2 2 2 0 2 2 2 2 0 2 1 1 1 1 2 2 2 2 0 2 0 2 2 2 1 1 1 1 1 1 2 2 2 2 2 2 2 2 2 2 2 1 1 1 2 2 2 0 1 1 1 2 2 2 0 2 2 2 0 2 2 2 0 2 2 2 2 0 2 2 2 2 2 2 0 2 2 2 0 0 2 2 2 0 2 2 2 2 2 0 2 2 1 1 1 1 1 1 1 1 2 0 2 2 2 1 1 1 1 2 2 2 2 2 2 2 0 2 2 0 2 2 2 2 1 1 1 1 1 2 1 1 1 1 2 2 0 2 2 2 2 2 1 1 1 1 0 2 0 0 1 1 2 1 0 2 2 2 1 1 1 1
1 1 1 1 1 2 2 2 0 2 2 2 2 2 2 2 1 1 1 1 1 1 1 1 1 0 0 2 2 2 0 2 2 2 2 2 1 1 1 1 1 1 2 2 2 2 2 2 2 0 0 2 0 2 1 1 1 1 1 0 2 2 2 2 2 2 1 1 1 2 3 2 1 1 1 0 0 2 0 2 2 0 2 2 1 1 1 1 1 2 2 2 2 1 2 0 0 2 0 2 0 0 2 2 0 2 2 2 2 2 2 2 2 2 2 1 1 1 1 1 1 1 1 1 1 1 1 1 1 1 2 1 1 1 1 2 1 1 1 1 1 1 1 1 2 2 2 0 2 1 1 1 1 1 2 3 2 2 2 0 0 2 0 2 0 0 2 2 0 1 1 1 1 2 1 1 1 1 2 2 2 2 2 2 1 1 1 1 1 1 2 2 2 0 2 1 2 0 2 2 2 2 1 1 1 1
1 1 1 1 1 2 2 2 2 2 2 0 2 0 2 2 1 1 1 1 1 1 1 1 1 2 2 2 2 2 2 2 2 2 2 2 1 1 1 1 1 2 0 2 2 2 2 2 2 2 0 2 0 2 2 1 1 1 1 1 1 1 1 1 1 1 1 1 2 2 0 2 2 1 2 2 2 2 2 2 2 2 2 2 1 1 1 1 1 0 2 2 2 2 2 0 0 2 2 2 3 2 2 2 2 2 2 0 2 2 0 2 2 2 1 1 1 1 1 2 2 2 2 0 0 2 2 1 1 1 2 1 1 1 1 2 1 1 1 1 1 1 1 1 1 2 2 2 0 1 1 1 1 1 2 0 2 2 2 0 2 0 2 0 2 2 0 2 2 1 1 1 2 0 2 1 1 1 2 2 2 2 1 1 1 1 1 1 1 1 0 2 2 2 2 2 2 2 0 2 2 2 1 1 1 1
1 1 1 1 1 1 0 2 2 2 2 2 0 2 2 1 1 1 1 1 1 1 1 1 2 2 2 2 2 2 0 2 2 0 2 1 1 1 1 1 0 0 2 0 2 2 2 0 2 2 2 0 2 2 2 1 1 1 1 1 1 1 1 1 1 1 1 1 2 2 2 2 2 2 0 2 2 2 2 2 0 0 2 1 1 1 1 1 2 0 2 2 0 0 2 2 2 2 0 2 2 2 2 2 2 0 2 2 2 2 2 2 2 2 1 1 1 1 2 2 2 2 2 0 2 2 2 2 2 2 0 1 1 1 1 2 1 1 1 1 1 1 1 1 1 1 2 2 2 2 1 1 1 1 2 0 2 2 2 2 2 2 2 2 2 2 2 2 0 1 1 1 1 1 1 1 1 1 2 2 2 1 1 1 1 1 1 1 1 2 2 2 2 2 2 2 2 0 2 2 2 1 1 1 1 1
1 1 1 1 1 1 2 2 2 2 2 1 1 1 1 1 1 1 1 1 1 1 1 2 2 0 2 2 0 2 0 2 0 2 2 1 1 1 1 1 0 0 2 0 2 0 2 2 2 2 2 1 1 2 2 1 1 1 1 1 1 2 2 2 1 1 1 1 2 2 2 2 2 2 2 2 2 0 0 2 0 0 2 1 1 1 1 2 0 0 0 2 0 0 2 2 2 0 2 2 2 0 2 2 2 2 2 2 0 2 2 2 2 2 1 1 1 2 2 2 0 2 0 2 2 2 0 2 2 0 0 1 1 1 1 0 1 1 1 1 1 2 1 1 1 1 1 2 2 2 2 1 1 1 0 2 2 2 2 2 2 0 2 2 0 2 2 2 1 1 1 1 1 1 1 1 1 2 2 2 2 1 1 1 1 1 1 1 2 2 2 0 2 2 2 2 2 2 2 2 1 1 1 1 1 1
1 1 1 1 1 1 0 2 2 2 0 1 1 1 1 1 1 1 1 0 2 2 2 0 0 2 2 2 2 1 1 1 0 2 2 2 1 1 1 1 0 2 0 2 3 2 2 2 2 2 1 1 1 1 1 1 1 1 1 1 2 0 0 2 0 1 1 1 1 0 2 2 2 0 2 2 2 2 2 0 2 0 2 1 1 1 2 0 0 0 2 2 2 2 0 2 2 1 1 1 1 2 2 2 0 0 2 0 2 0 2 2 2 2 2 2 2 0 0 2 2 0 0 0 2 2 2 2 2 0 2 2 2 2 0 2 2 0 3 2 2 2 2 0 2 2 0 2 0 2 2 0 2 2 2 0 2 0 0 2 2 0 2 2 2 2 2 2 2 2 2 0 0 0 2 2 2 2 2 2 2 2 0 2 2 2 2 2 2 2 0 2 2 2 2 2 2 0 2 1 1 1 1 1 1 1
1 1 1 1 1 1 1 0 2 2 2 2 1 1 1 1 1 1 2 2 0 2 2 2 0 2 2 0 0 1 1 1 1 2 2 2 2 1 1 1 1 2 2 0 2 0 3 2 2 1 1 1 1 1 1 1 1 1 1 1 2 2 2 2 0 1 1 1 1 2 0 2 2 2 0 0 2 2 2 2 2 0 2 1 1 2 2 2 2 2 2 2 2 2 2 2 1 1 1 1 1 1 2 2 2 2 0 0 2 2 2 0 2 2 2 2 0 2 2 2 0 2 2 2 2 2 2 0 2 0 2 2 0 1 1 0 1 1 1 2 0 0 2 0 1 1 1 2 2 2 2 2 2 2 2 2 2 2 2 1 1 1 1 1 1 1 1 1 1 1 1 1 1 1 1 1 1 2 2 3 2 0 2 2 0 2 2 0 2 2 2 2 2 2 2 2 2 0 2 1 1 1 1 1 1 1
1 1 1 1 1 1 1 2 2 2 2 2 2 1 1 1 1 1 0 2 2 2 2 2 2 2 2 0 2 2 1 1 2 0 0 2 2 1 1 1 1 1 2 2 0 2 2 2 1 1 1 1 1 1 1 1 1 1 1 2 2 2 2 2 2 1 1 1 2 2 0 0 2 0 2 2 2 0 2 0 2 2 2 1 1 2 0 2 2 2 0 2 0 2 2 2 1 1 1 1 1 1 1 0 2 2 2 2 2 2 3 2 0 0 0 2 0 2 2 0 2 2 2 2 2 2 0 2 2 2 2 2 0 2 0 0 2 2 2 2 2 2 0 2 1 1 1 0 2 0 2 0 2 2 2 2 2 2 2 1 1 1 1 1 1 1 1 1 1 1 1 1 1 1 1 1 1 1 2 2 2 0 2 2 2 2 2 2 2 0 2 2 2 2 2 2 2 2 2 2 1 1 1 1 1 1
1 1 1 1 1 1 1 0 2 0 2 0 2 2 1 1 1 1 2 2 0 2 2 2 0 2 2 2 2 2 0 2 2 2 2 2 2 2 1 1 1 1 1 2 2 2 0 1 1 1 1 1 1 1 1 1 1 1 1 2 2 2 2 2 0 2 2 2 2 2 2 2 2 0 2 0 0 2 2 2 2 2 2 2 2 2 2 2 2 2 2 2 2 2 2 1 1 1 1 1 1 1 1 1 0 2 2 2 2 2 2 3 2 2 2 0 2 0 3 2 0 2 2 0 2 2 2 2 2 2 2 0 2 2 2 2 2 2 2 2 0 0 2 2 2 1 1 1 2 2 2 2 0 2 2 2 0 2 0 1 1 1 1 1 2 2 2 2 2 2 2 1 1 1 1 1 1 1 1 2 2 2 2 2 2 0 2 2 2 0 2 2 2 2 2 2 2 0 2 2 2 1 1 1 1 1
1 1 1 1 1 1 0 0 2 2 2 2 2 2 2 1 1 1 1 2 2 2 0 2 2 2 2 2 2 2 0 0 2 2 2 2 2 2 2 2 2 1 1 2 2 2 1 1 1 1 1 2 1 1 1 1 1 1 2 2 2 2 2 2 2 2 2 2 2 2 2 0 0 0 2 0 2 2 2 0 2 2 0 2 2 2 2 2 2 2 0 3 2 0 2 1 1 1 1 1 1 1 1 1 1 2 2 2 0 2 2 0 2 1 1 2 2 2 2 2 0 2 2 2 2 2 2 2 2 2 2 0 2 2 0 2 2 2 2 2 2 2 2 0 0 1 1 1 1 2 0 2 2 2 2 2 0 2 0 1 1 1 1 2 2 3 0 2 2 0 2 2 1 1 1 1 1 1 2 2 0 2 2 0 2 0 2 2 2 2 0 0 2 0 2 3 0 2 2 2 2 2 1 1 1 1
1 1 1 1 1 2 0 2 2 2 2 2 2 0 2 1 1 1 1 1 1 2 0 2 0 2 2 2 0 2 2 2 2 2 2 2 2 2 0 0 2 2 0 2 2 2 1 1 1 1 2 2 2 2 1 1 1 1 0 2 2 2 2 2 2 2 3 2 2 0 2 0 0 2 2 2 2 0 2 3 2 2 2 0 2 2 2 2 1 1 2 2 0 0 2 1 1 1 1 1 1 1 1 1 1 1 0 2 2 2 0 2 2 1 1 2 2 2 2 2 2 0 0 2 2 2 2 2 2 2 2 2 2 0 2 2 2 2 0 0 2 2 2 2 1 1 1 1 1 2 2 0 2 2 0 2 2 2 2 1 1 1 1 0 2 2 2 0 2 0 2 2 1 1 1 0 2 2 2 0 0 2 2 2 2 2 2 2 0 2 2 2 0 2 2 2 2 0 2 2 2 2 1 1 1 1
1 1 1 1 2 2 2 2 2 2 2 2 2 0 2 1 1 1 1 1 1 1 2 2 2 2 2 2 2 0 2 2 2 2 2 2 0 2 2 2 0 2 2 2 2 2 1 1 1 1 2 2 2 2 2 1 1 2 2 0 2 2 2 2 0 2 0 0 0 0 0 0 2 2 2 0 2 2 2 2 0 0 2 2 2 2 0 2 1 1 2 2 2 2 2 0 1 1 1 1 1 1 1 1 1 1 2 2 0 0 2 2 0 1 1 2 2 0 0 2 2 2 2 2 2 2 2 2 2 2 2 3 2 2 2 2 3 2 2 0 2 2 2 1 1 1 1 1 1 2 2 2 2 2 2 0 2 2 1 1 1 1 2 2 2 2 2 0 2 2 2 0 1 1 2 2 2 2 2 0 2 0 2 2 2 2 2 2 2 0 0 2 2 2 2 2 2 2 2 2 0 2 1 1 1 1
1 1 1 1 2 2 2 2 2 2 2 0 2 2 2 1 1 1 1 1 1 1 1 0 0 2 2 2 2 2 0 0 0 2 2 2 2 2 2 2 2 2 2 2 2 0 2 1 1 1 1 0 2 2 2 2 2 2 2 2 2 2 2 2 2 0 2 2 2 2 2 2 2 2 2 2 2 2 2 0 2 2 2 2 2 2 0 1 1 1 0 1 0 2 2 2 2 1 1 1 1 2 2 1 1 2 0 2 2 2 2 2 2 2 3 2 2 2 0 0 0 2 2 0 2 0 0 2 2 2 2 2 2 2 2 2 2 2 2 2 2 2 2 1 1 1 1 1 2 2 2 0 2 2 2 0 0 1 1 1 1 2 2 2 2 0 2 2 2 2 0 1 1 1 0 0 2 0 2 0 2 2 2 2 2 2 2 2 2 2 0 2 0 2 2 2 2 2 2 2 2 0 2 1 1 1
1 1 1 1 0 2 0 2 2 2 0 2 2 2 2 2 1 1 1 1 1 1 1 1 2 2 3 2 0 2 2 2 2 2 0 2 2 2 2 2 2 2 0 2 2 3 0 2 2 0 2 2 2 2 2 0 2 2 2 2 2 2 2 0 2 2 2 2 2 2 0 2 2 2 2 2 2 2 0 2 2 2 2 2 3 2 2 0 2 2 2 2 2 2 2 2 2 0 0 2 2 2 0 2 2 0 0 2 2 2 2 2 2 2 2 2 2 2 2 0 0 2 2 2 2 2 2 0 2 2 2 2 2 2 2 2 2 3 2 0 0 2 2 2 2 0 2 0 2 2 2 2 2 2 2 2 2 2 2 0 2 0 2 3 2 2 0 0 2 2 2 2 2 0 2 2 0 0 0 2 2 2 2 0 2 2 2 2 0 2 2 2 2 2 2 2 2 2 2 0 2 2 0 1 1 1
1 1 1 1 1 2 2 2 2 2 1 2 2 2 2 2 2 1 1 1 1 1 1 1 2 2 2 0 2 2 0 2 2 2 2 2 2 2 0 0 2 0 2 0 2 2 2 0 1 1 1 1 2 2 2 0 2 2 2 2 2 0 2 0 0 2 0 2 2 2 2 2 2 2 2 0 2 1 1 1 1 1 1 1 2 2 2 1 1 1 2 1 1 2 2 2 2 1 1 1 1 2 2 2 2 0 2 2 0 0 2 0 2 0 2 2 0 2 2 2 0 2 2 2 2 2 2 2 0 0 2 2 2 0 2 2 1 2 2 2 0 2 2 2 1 1 1 0 2 2 2 2 0 2 2 2 2 2 1 1 1 2 2 0 0 2 2 2 2 3 2 2 2 2 0 2 2 2 2 2 2 2 2 0 2 2 2 2 2 2 2 2 2 2 2 2 2 2 0 2 2 2 1 1 1 1
1 1 1 1 1 2 2 2 0 1 1 1 0 2 2 2 2 2 1 1 1 1 1 2 2 2 2 2 2 2 0 2 2 2 0 2 2 2 2 2 2 2 2 0 0 2 2 1 1 1 1 1 2 2 2 2 0 2 0 2 0 2 2 2 2 2 2 0 2 2 2 2 2 0 2 2 2 1 1 1 1 1 1 1 2 2 2 1 1 1 2 1 1 2 2 2 2 1 1 1 1 1 2 2 0 2 2 2 0 2 2 2 2 2 2 0 0 2 1 1 1 0 0 2 0 2 0 2 2 2 2 2 2 2 1 2 1 2 2 3 2 2 2 2 2 1 1 1 2 2 2 2 2 2 2 2 2 2 0 1 1 2 0 2 2 2 2 0 0 2 0 2 2 2 2 2 2 0 2 2 0 2 2 0 2 2 2 1 1 2 2 2 2 2 0 2 0 2 0 2 1 1 1 1 1 1
1 1 1 1 2 2 2 2 2 1 1 1 2 2 2 2 0 0 0 1 1 1 1 2 2 2 0 2 2 2 2 2 2 0 2 2 2 0 2 0 3 2 0 2 0 2 2 1 1 1 1 1 3 2 2 2 2 3 2 2 0 2 2 2 2 2 2 2 2 2 2 2 2 2 2 2 0 1 1 1 1 1 1 1 1 1 1 1 1 1 0 1 1 2 2 2 0 2 1 1 1 1 1 1 2 2 0 2 2 2 2 2 2 2 0 0 2 0 1 1 1 2 0 2 2 2 2 2 2 2 2 2 2 0 1 2 1 2 2 0 2 2 2 2 2 1 1 1 2 2 0 2 0 2 2 2 2 2 0 2 2 2 0 2 2 2 2 2 2 3 2 2 2 2 2 0 2 2 2 1 1 1 2 2 2 2 1 1 1 1 1 2 2 2 2 2 0 2 0 1 1 1 1 1 1 1
1 1 1 0 2 2 2 0 2 1 1 1 2 2 2 2 0 2 2 2 1 1 2 2 2 2 2 2 3 0 2 0 2 2 2 2 2 2 0 2 2 2 0 2 2 2 0 1 1 1 1 0 2 2 2 2 2 2 2 2 0 2 2 0 2 2 0 2 2 2 2 2 2 2 2 2 2 1 1 1 1 1 1 1 1 1 1 1 1 1 0 1 1 1 2 2 0 2 2 1 1 1 1 1 1 1 2 2 2 2 1 1 1 2 0 2 0 2 2 1 2 0 2 2 2 2 2 1 1 1 2 2 0 2 1 2 1 2 1 1 1 2 2 2 2 0 0 2 2 2 2 0 2 2 0 2 2 2 2 0 0 0 2 2 2 2 2 2 2 2 2 2 2 2 1 1 1 1 1 1 1 1 1 2 2 1 1 1 1 1 1 1 1 2 2 0 2 2 1 1 1 1 1 1 1 1
1 1 1 2 0 2 0 2 2 1 1 1 2 2 2 2 2 2 2 2 0 2 0 2 2 1 1 1 1 1 1 1 2 2 2 2 2 0 2 0 2 2 2 2 2 2 2 2 0 2 2 2 2 2 2 2 0 2 2 3 2 2 2 2 2 2 2 2 0 2 2 2 2 2 2 2 2 0 1 1 2 2 2 1 1 1 1 1 1 1 2 1 1 1 1 2 2 0 0 2 1 1 1 1 1 1 1 1 1 1 1 1 1 1 2 0 3 0 2 0 2 0 2 2 1 1 1 1 1 1 2 1 2 2 1 1 1 2 1 1 1 1 2 2 2 2 2 2 2 2 2 2 2 2 2 0 0 2 0 2 2 0 2 2 2 2 0 2 2 2 2 2 2 1 1 1 1 1 1 1 1 1 1 1 1 1 1 1 1 1 1 1 1 1 2 2 0 2 2 1 2 2 1 1 1 1
1 1 1 1 2 2 2 2 2 2 1 1 2 2 0 0 2 2 2 2 2 2 2 0 2 1 1 1 1 1 1 1 1 2 2 2 2 2 2 3 2 2 2 0 2 2 2 0 0 2 0 2 2 0 2 2 2 2 2 2 1 1 2 2 2 2 2 2 2 2 2 2 2 0 2 2 2 2 2 2 0 2 2 2 1 1 1 1 1 1 2 1 1 1 1 1 2 0 2 2 2 2 2 2 1 1 1 1 1 1 1 1 1 1 0 2 0 2 2 2 2 2 2 1 1 1 1 1 1 1 2 1 1 1 1 1 1 2 0 1 1 1 0 2 2 2 2 2 2 2 2 0 2 0 2 2 2 2 0 2 2 2 2 2 2 2 2 2 2 2 2 2 2 1 1 1 1 1 1 1 1 1 1 1 1 1 1 2 0 1 1 1 1 1 2 2 2 2 2 2 2 2 0 1 1 1
1 1 1 1 0 2 2 2 3 2 1 1 2 2 0 0 2 0 0 2 2 2 2 3 2 2 2 2 1 1 1 1 1 1 2 2 2 0 2 2 2 2 0 0 2 0 2 0 0 2 2 2 2 2 2 2 2 2 2 1 1 1 1 2 2 2 2 2 2 2 2 2 2 2 2 2 0 2 0 2 0 2 2 2 2 1 1 1 1 1 2 1 1 1 1 1 2 2 2 0 2 2 2 2 2 0 1 1 1 1 1 1 1 2 3 2 0 2 0 0 2 0 1 1 1 1 1 1 1 1 2 1 1 1 1 1 1 2 2 2 1 1 2 2 2 0 2 2 2 2 2 2 2 2 0 2 2 2 2 0 2 2 2 2 2 2 2 2 0 2 2 2 2 1 1 1 1 1 1 2 0 2 2 0 2 2 0 2 2 2 0 1 1 2 2 2 2 2 2 2 2 0 2 1 1 1
1 1 1 1 2 0 2 2 0 2 1 1 1 2 3 1 1 1 2 0 0 2 2 2 0 2 2 2 2 1 1 1 1 1 2 3 2 2 2 2 2 2 2 2 2 2 2 2 0 2 0 2 2 2 2 0 2 0 1 1 1 1 1 1 2 2 2 2 2 2 0 0 0 2 0 2 2 0 0 0 2 3 2 2 2 1 1 1 1 2 2 2 1 1 1 1 1 0 2 2 2 2 2 2 0 2 2 1 1 1 1 1 1 2 2 0 2 2 2 2 0 2 1 1 1 1 0 2 2 1 2 1 1 1 1 1 1 2 2 2 2 2 0 2 0 2 2 2 2 2 2 2 2 2 2 2 0 2 2 2 2 2 0 2 2 2 2 0 1 2 2 0 0 2 1 1 1 1 2 2 2 0 2 2 2 0 2 2 2 2 0 2 2 2 2 0 2 2 0 2 2 2 1 1 1 1
1 1 1 1 1 2 2 2 2 1 1 1 1 2 2 1 1 1 1 1 1 1 1 2 0 2 2 2 2 1 1 1 1 1 1 2 2 2 0 0 2 2 2 0 2 2 2 2 2 2 2 2 2 2 2 2 2 2 1 1 1 1 1 1 0 0 2 2 0 0 2 2 2 2 1 1 1 2 2 2 2 2 2 2 0 1 1 1 1 0 0 0 1 1 1 1 1 1 1 1 2 2 2 2 2 2 2 2 2 1 1 1 1 2 0 2 0 2 2 0 0 2 1 1 1 2 2 2 2 0 2 1 1 1 1 1 1 2 2 2 2 2 2 0 2 2 0 0 2 2 2 2 2 0 2 3 0 3 2 2 2 0 2 2 2 2 2 1 1 1 2 2 2 2 1 1 1 2 0 2 2 0 3 0 2 0 2 2 2 2 0 2 2 2 2 0 0 0 2 2 0 0 1 1 1 1
1 1 1 1 1 1 1 1 1 1 1 1 1 2 0 3 1 1 1 1 1 1 1 1 2 2 0 2 2 1 1 1 1 1 1 0 2 2 0 2 2 2 2 0 3 2 2 2 1 1 2 2 2 2 2 2 0 0 2 1 1 1 1 2 2 2 1 1 1 1 0 2 2 0 2 1 0 2 2 2 2 2 0 2 2 1 1 1 1 1 2 1 1 1 1 1 1 1 1 1 1 0 2 2 2 2 2 0 2 2 1 1 1 2 2 0 2 2 0 2 2 3 1 1 1 2 0 2 2 2 2 2 1 1 1 1 2 2 2 2 2 2 2 0 2 2 2 0 2 0 2 2 2 2 2 0 2 2 2 2 0 2 2 2 2 0 2 0 1 2 2 2 2 1 1 1 1 2 2 2 2 0 0 2 0 0 2 2 0 2 2 2 2 1 1 2 2 2 2 0 2 2 1 1 1 1
1 1 1 1 1 1 1 1 1 1 1 1 1 0 2 2 1 1 1 1 1 1 1 1 2 2 2 2 0 1 1 1 1 1 1 1 2 0 2 2 2 0 2 0 2 2 2 1 1 1 1 2 2 2 2 2 2 0 2 2 1 1 1 2 2 1 1 1 1 1 1 0 2 0 0 2 0 2 2 0 2 2 2 2 1 1 1 1 1 1 1 1 1 1 1 1 1 1 1 1 1 2 2 2 2 2 2 2 2 2 2 1 1 2 2 2 2 2 2 2 2 2 1 1 1 2 2 0 2 2 2 2 2 1 1 1 0 2 2 2 2 2 2 1 1 2 2 2 0 0 2 2 2 2 2 2 2 0 2 2 2 2 2 2 2 2 2 2 2 3 0 2 3 1 1 1 1 2 2 0 2 2 1 2 2 2 0 3 0 2 2 2 1 1 1 1 2 2 2 2 2 1 1 1 1 1
1 1 1 1 1 1 1 1 1 1 1 1 1 1 2 2 1 1 1 1 1 1 1 1 2 0 2 2 0 1 1 1 1 1 1 1 2 2 0 2 2 0 2 2 2 2 1 1 1 1 1 1 0 2 2 2 0 2 0 2 1 1 1 1 1 1 1 1 1 1 1 2 2 2 2 0 0 2 2 2 2 1 1 1 1 1 1 1 1 1 1 1 1 1 1 1 1 1 1 1 1 0 0 2 2 0 2 0 2 2 2 1 1 2 0 2 2 2 0 2 2 2 1 1 1 1 2 2 2 2 2 2 2 2 1 1 2 2 2 2 2 2 1 1 1 1 2 2 2 2 2 0 2 0 2 2 2 2 2 2 2 3 2 2 2 2 2 2 2 0 2 2 1 1 1 1 1 2 0 2 2 1 1 1 1 2 2 2 2 0 2 1 1 1 1 1 2 2 0 1 1 1 1 1 1 1
1 1 1 1 1 1 1 1 1 1 1 1 1 1 1 1 1 1 1 1 1 1 1 1 1 2 2 2 1 1 1 1 1 1 1 1 1 2 2 1 1 1 1 2 2 1 1 1 1 1 1 1 2 2 2 2 2 2 2 2 1 1 1 1 1 1 1 1 1 1 1 1 2 2 2 0 2 2 2 2 1 1 1 1 1 1 1 1 1 1 1 1 1 1 1 1 1 1 1 1 1 1 2 2 2 0 1 1 2 2 1 1 1 1 0 0 2 2 2 2 2 1 1 1 1 1 1 1 1 1 2 2 2 1 1 1 2 2 2 2 2 1 1 1 1 1 1 0 2 0 2 2 2 1 1 1 2 2 0 0 2 2 0 2 0 1 1 2 3 2 2 1 1 1 1 1 1 0 2 2 2 1 1 1 1 1 1 1 1 1 1 1 1 1 1 1 2 0 1 1 1 1 1 1 1 1
1 1 1 1 1 1 1 1 1 1 1 1 1 1 1 1 1 1 1 1 1 1 1 1 1 1 1 1 1 1 1 1 1 1 1 1 1 1 1 1 1 1 1 1 1 1 1 1 1 1 1 1 1 2 2 2 0 2 2 1 1 1 1 1 1 1 1 1 1 1 1 1 1 2 2 2 2 2 1 1 1 1 1 1 1 1 1 1 1 1 1 1 1 1 1 1 1 1 1 1 1 1 1 0 2 1 1 1 1 1 1 1 1 1 1 1 1 1 1 1 1 1 1 1 1 1 1 1 1 1 1 1 1 1 1 1 1 2 3 2 1 1 1 1 1 1 1 1 1 1 1 1 1 1 1 1 1 1 1 1 1 1 1 1 1 1 1 1 1 1 1 1 1 1 1 1 1 1 2 2 1 1 1 1 1 1 1 1 1 1 1 1 1 1 1 1 1 1 1 1 1 1 1 1 1 1
1 1 1 1 1 1 1 1 1 1 1 1 1 1 1 1 1 1 1 1 1 1 1 1 1 1 1 1 1 1 1 1 1 1 1 1 1 1 1 1 1 1 1 1 1 1 1 1 1 1 1 1 1 1 1 1 1 1 1 1 1 1 1 1 1 1 1 1 1 1 1 1 1 1 1 1 1 1 1 1 1 1 1 1 1 1 1 1 1 1 1 1 1 1 1 1 1 1 1 1 1 1 1 1 1 1 1 1 1 1 1 1 1 1 1 1 1 1 1 1 1 1 1 1 1 1 1 1 1 1 1 1 1 1 1 1 1 1 1 1 1 1 1 1 1 1 1 1 1 1 1 1 1 1 1 1 1 1 1 1 1 1 1 1 1 1 1 1 1 1 1 1 1 1 1 1 1 1 1 1 1 1 1 1 1 1 1 1 1 1 1 1 1 1 1 1 1 1 1 1 1 1 1 1 1 1
1 1 1 1 1 1 1 1 1 1 1 1 1 1 1 1 1 1 1 1 1 1 1 1 1 1 1 1 1 1 1 1 1 1 1 1 1 1 1 1 1 1 1 1 1 1 1 1 1 1 1 1 1 1 1 1 1 1 1 1 1 1 1 1 1 1 1 1 1 1 1 1 1 1 1 1 1 1 1 1 1 1 1 1 1 1 1 1 1 1 1 1 1 1 1 1 1 1 1 1 1 1 1 1 1 1 1 1 1 1 1 1 1 1 1 1 1 1 1 1 1 1 1 1 1 1 1 1 1 1 1 1 1 1 1 1 1 1 1 1 1 1 1 1 1 1 1 1 1 1 1 1 1 1 1 1 1 1 1 1 1 1 1 1 1 1 1 1 1 1 1 1 1 1 1 1 1 1 1 1 1 1 1 1 1 1 1 1 1 1 1 1 1 1 1 1 1 1 1 1 1 1 1 1 1 1
1 1 1 1 1 1 1 1 1 1 1 1 1 1 1 1 1 1 1 1 1 1 1 1 1 1 1 1 1 1 1 1 1 1 1 1 1 1 1 1 1 1 1 1 1 1 1 1 1 1 1 1 1 1 1 1 1 1 1 1 1 1 1 1 1 1 1 1 1 1 1 1 1 1 1 1 1 1 1 1 1 1 1 1 1 1 1 1 1 1 1 1 1 1 1 1 1 1 1 1 1 1 1 1 1 1 1 1 1 1 1 1 1 1 1 1 1 1 1 1 1 1 1 1 1 1 1 1 1 1 1 1 1 1 1 1 1 1 1 1 1 1 1 1 1 1 1 1 1 1 1 1 1 1 1 1 1 1 1 1 1 1 1 1 1 1 1 1 1 1 1 1 1 1 1 1 1 1 1 1 1 1 1 1 1 1 1 1 1 1 1 1 1 1 1 1 1 1 1 1 1 1 1 1 1 1
