# Map Size (H x W): 156 x 206
11111111111111111111111111111111111231111111111111111110211111111111111111111102202241111111111111102111111135211110254222111111111111111111111111111111111111111111111111101111111111111111111111111111111111
11111111111111521111111111111111222200041111111111011100201111150211111111111104200020111102221112022211111025200022622222211120201111122220411111111112111021112324022222262111111111202220352202232022020211
11111110220220222111111111102426332340222111111112200200220202000001111111111112202222222200000420020621102520022222220202211022235111002222221111111110052222223205304342020111111112042222203562022020035001
11220002202252202111112211400022202220260111111111300022322225222020111111111111000022222622022322202222352420225022460432111002442422422222220111111111100206222002224222201111201112220206202266222022242021
12022200002602230111120260240022222011202111111111200400000220022220411111111111246405220220222002220002422222224250222111112020222220040225020111111111111112222203223222021112461112002222244224211502226421
10202062020020222211024522220222042111122111112222220004002202200052221111111220022042222202222022222422222022220244201111125033200222200224002111111111111111222200024202021120406112220202200020111102240611
50222022020220562222224202222422022111122011102232042222002220322430251111100220230220444220000265200222300200205020251112222200512220022060200111111111111111223362022052201120020022230230222202111115222111
20242220024204205034304050200202021111112200202602222026202246222220221111022022252023432224020222302622002022022022001122622020222220242220222111111111111111302202002022211113002222020002202002111112002111
22520220522110256222500222002002111111112260023422222220222062220224201111332202242020002640224422222022202222222220211102200042000022252420020111111111221112240420222221111111043622222222600220211102200111
20022202221114000622225026225021111111111202422400222220202032020020022111402225324020011204202520222002022200022440211112002223250022220022000111111115020262220222202011111111120040200111222222062200022111
12222111111112623022222202200531111220111102000220011110022642320222220010220022011623020022222032025222432420200420211112000222205222220220242111111112002230220023222111111111111102306111222232202002224111
12020111111112202020210000220061111202111122022320111111042222233402024220202022111002023004022232306220024002222222221120302222202011120255221111111115422220232242231111111111111111001111222223022042022111
11220111111110220224111225220221111060111522420003111112022422202600204220000022111022220202024202200222220012002222022262002522222111110242031111111112200002205220221111111111111111111111242265000230021111
11153211111132002601112223242222111110110220503220011202222220342220022002202001111220200222020624202222202111202022032422322252562111110220201111111111022111022220020111111111122211111111222002230002211111
11102321111122202211160000200420111112122222222222222022222222022220222220052221111122220020000204202222222011102220022002404400240111124622001111111111111111120200250511111111223021111111222202202220111111
11022031111110021111122222226224111113222200022224222011020020402222222522222211111111222222220002350222202221020202022111222023222112020224200111111111111111100222520011111111162220320114000024602020111111
12022220111111111111122260211200011020222225220205041111120060002220052202243011111111122000000022222220220002222220061111320220220220223242222202111111111111220221102011111111110222202002522223022222211301
22222420322111111111222222111152002222002203220402211111124122220022020022234221111111220200220000200000222222200220211110022224200524022222202222211111111100220011110211111111112240034222020222202240220352
20222022020221111111230021111123242222220200202222111111021112002022222222264000222202220222022222022202262020302202031105240022222222022202002222021111111300202411110211111111110422222454522211111005220422
20200230220220111111202001111202222222500202640201111111111110622222030020223022022020222202200022302020220503220222220026440040002222022220001112422111112000222211111111111111110222200022202111111106222220
22220220220222221111145220112042222020020220002211111111111122222222230212003040222220400202302022000220220250222222302400000200202022420211111111222211110222222211111111111111112262202201111111111112206201
02000220452222402111110302200322026002222022200011111111111222220202202111544202020202006025111111120033203205222206202222202005224024000111111111022221123422024021111111110211112202202211111111111112200011
12200022222223202211111020422202223223222202224211111111111222222202500111200022122000000011111111113400020520024211222030200220242222226111111111122220220440320222001111122021112022062111111002211122001111
11020402222040022211111142602202211150222222202011111111111020026022220211122221110220022211111111111022220204202111222225222222225022201111242221320244222220242020202111112021111220242111112022000222011111
11220220022404242211111114222041111112004020022241111111111022002422202211122201112402223221111103111105262302222311202220300022204020202110022020022022622442022020022111110661111120222211112522230002111111
11000222202253022011111112620011111113232222022021111111111322225203002111112222260020222222111222211111112402220022223230402422222222222222222220402242232220242020221111110021111111023211115022502221111111
11222021200020200011111132202111111112222050222221111111112022203000222111112220222260622422411020002111111110020620562206322322022363222052023002400203200242112222221111122201111111122011111230052021111111
11120011122000020111111520201111111112024400222221111111202222022020220211112222022222020020211202000201111111112242220020202211230022630220222020202222022221111222221111022211111111102211111120022231111111
11111111103202241111112202011102111140204205222221111440020022212020042001122200222062002323112022200222211111111025022222111111102022200222222040220203222211111222621111202111111111122011111112020022211111
11111111020424321111112222011020211622203222020021112202450002111222222000200303232020004111112220422223202111111122220311111111102442226220000222225022202211111322201110200210211111206011111110023222221111
14211262242224222111102024200222000202020022022201122220022242011222222222223022420220222111120200232222002422111112002111111111122220062321120202022022022021111202011110020222441110220611111112022222021111
23043600022022222000352021102220231102222020020201100032022040220200202202022222200220320222202022622200022302211112022111111111532200222211113220111404222202111120111120220222221102222211111110222020661111
20222020024242222022022001122222211112220222022211123222020222022220004202023222222502420022402400230011102222224222222111110202322022020011112221111122422222111111111062220222211026220211111110220420021111
22200022522202200220222201112220111110122200222111102020020002322622441120220423230222252002022622201111110222260203220111112020230020004011113001111120220200111111110220220520111000222011111105222322222111
25200222230202202222502211111111111114122202522111102422224202200000221110220222220200262022220223511111112222242022222111114200222220500011112201160422220042111111130322202221112622002211111226202600520201
10222022220224626022322111111111111112112222002111110224202011102220001112223011102605022022110022311111112020202220422111113322222002022211111111322202422002111111220022222011122202602201112223300222022222
11222242223422220222002111111111111112111000022111111111224111122000200222222601042421160641111622211111112022242222023211120022042220202111111111222112222231111111004020222211262222222224202222200023222002
11222240220602221112322221111111111112111122420211111111111111102200202242202002000211112241111120021111122023111111422050002200211113201111111111111111022021111111602422220202243422020520250052040422411221
12202423402002111111402034111111111112111110024221111111111111265320002222240002222211112224111112224111222221111111120322202220211111111111111111111111602221111111220022422526022022000032112222202020111111
12222225440001111111000220011111111112211112000020111111111111222022222000220020000001122222111113400022022421111111113220002222211111111111111111111112222220111111222220422002222222262221111242022002111111
12002200020221111111022032411111111222221111002222211111111111000222242222242202202402022206511111222260422442111111111300620020501111111111111111120200200242111111222220022002322240040211111120220422011111
11226204022211113111120222221111122022221111100222020111111111102222605026202220220022252222522111220202222000600111111022022222301111114211111110000202020240111111122222222211112002211111111122220222225461
11322061111111102211152002042111222202205111104200224002111111112230022232222022230000003002200011002422340222020051111222232020311112222020111122022200221111111111112040111111111000111111111022222222022222
11222111111111660011123202222222222020242221220322222622011111110220004202222222220222222202222211032202060220025224110322020222111122002225211152222420221111111111111111111111111224111111111502023222000503
10221111111111000211140200020022222020234200600022242240211111142020112226000002002205220026002411122222242022220222225242050221111122520400621112220200021111111111111111111111116022011111111220442011154224
10021111111111222111112020220202520222222002242222222526211111120021111002202222222112222204222201111111123222220222020222242011111220002030021111112203200211111111111111111111102002001111111202022111112241
10021111111111202111111323020222220222022002022020220220111111152521111122260200221111022232040221111111122022620250442002020111111240023200020111111604000241111111111111111111620422422222111120222111111211
12211111111111220111111120222111022000030022230002022202111111120221111111020220011111200222542211111111122225200222020220022111112202201200222211111000220001111002111111211111200000606220211122223111111211
12011111122111222111111102222111122042022262000011042024111111222221111111120020311111222224202111111111200202020220022222022111123022211120242202110020203211112220011100201111122405002000011120220111110641
12211111202402222111111200621111110242202032002211123220111112562421112011122022111111220222221111111111222020020322020202224211120220111112202020002220200211110224222202221111112225422302411112222111100222
12621111202624222211112001111111112020023202022211120422111112000211120221102201111111202220420111111111232220200020332222220221110211111112220220222002222221111222002222211111111000203622111115001111220500
10021111052052220022622211111111110252241626426205002222211110301111122021110001111111026200202422111111220224245222022202222221111111111111200222002222030202111123024111111111111225423032111112021111222200
12246111322200222022222111111111120200211102252242225250211114411111132211111201102112004022022202211111222222232622000222002221111111111111123422404022223002111122400111111111112220222204111110222110222001
14222312002022220002002111111112222022021112002224002224321110011111220011111122222022202402022222201111022022022222264222220201111111111111111003200112022223611220000111222002322242202420111111224222222251
11220002202220222022022411111122250020202111112423211042221112221111232411111110222224200232225262202111022203222226322222200211111142111111111111111112022220400202004232200202220223202302111111120322200221
11202020022402222224222521111204220020240411111222111000211111205111224221111111152220300202040202023111002220222022200200202111111230211111111111111112022222002400200625222220022604420221111111120200220021
11222022622022230200224222224000200223222044222220022522202002224022402222020052006220420002200225222026020200320202242402222002022022000602200260022022222220022642202202222022222220202021112211103201122421
11222222022030011111112221111220024040023021111224440022211111122640222021111111111220222320052202042200224000020221111120111111111020611112111111111111222022252222422223020010222202202401122201110211115211
12202243222262111111111661114322222202222022112022222042201111120224222031111112211110220222232202024022222202225001111111111223220630211111111122111111120222202040200222001111020022022401112221112011111111
20220220223022111111111020202220200226622002220022222220401111453520020201111112011111062222420324220224222222222200111111112203443202211111111222011111111100022002220322011112000022200201110221110211111111
62222002202652111111112232222220222620222202222052200002201112223260220261111112021111202202202322422240220225522222621111102022220022011111110222222051111112002211424020311113000225022202202222120201111111
02222200203220211111130200502232262002222220260200324206401113243022224242111112020111000202200221002002000021023000520111122220220622021111122222302342111111226111114022421112240022000202240220232200111111
02322222000022411111000220110222202011122022222222602202011112262322222204001120032202200220222021040322232202622252222011032222022222000011502222202252211111202111112000220111202202200202220200220322222211
12020042220225011112522200110202200111110202220220022422111111024020200020222002022002204202222022055002420202022020220002520222420002240202222222222030003024022111110205242111102062602222022202222202202021
12002002202200021142202220112200222111110020202503550202111111102022223222202220020602200032222252202220010201224202200022002222220222022222200200002343020022052111122224222111113222200222432200020422205021
12223212022220222022200220224020200211111202202524000242111111120222020242402002222200241222212240000222212111222002220011202222003200022420240300120220220002022211225204231111112221022002002062022224320231
10222210220002050422222222222220402202111022222222230006411111222002200200202202112220111220222202226222001110200220224311100040222020222220222421110223000223532212220202221111100011120230202022222022022001
10202202024202200200223026002222221102011202420222224220211112502502022202252201111002111121244220022222202122244206052011122222202022222220520421112220402022240112222202022220222222022232022443024111222021
12020200423211422624202111220202211112620222302220222200011122220202422221111111111200411111222020220202225042252022022041302062242220220422202200022202462002203111262022225200205220222202022000402111222501
10320202062111202222022111222002211111442006222222003224111102220242224211111111111122221112222200202202022022032222042221026011000022042030042422000222523111222111111022202242040652224000202220022062230011
10022221001111222220221111102202411111102211022222222265111120202020220111111111122110502112405222422605220222253212220224221111120202402022222220222022220111302211111122222202222222222202334242020220022011
12202211111112402222201111122232011111111111122023002200211202200020021111111111420111202011226200002202252062222440500031121111122000220202220222202222221111220221111322022202022022260220220002233320222011
10202211111122042450011111112000221111111111110322222022002232024200201111111110202111222611152050222222052022225222220612241111260222223000020260322231111111200220026222200020222202442205021142222422222211
22402221111226002220011111111230240111111111111111000252202452042020226111103222022010202211112200026022420202302200232620111113225212202202111020222211111111122202452222402232242420002533011111102202022011
50020522112024000224211111111102002011122221111111120200022022322062055225032032602222220211111222220222222002322020222621111122426111222001111122552211111111122052002622322222021002220220011111222202050201
12211222222222022200311111111111102252022020111111120222202220022424222024262222022202402011111120232205220223022222220030022202222112220211111100022011111111102222024222222202611102200202111112222022425221
11111222200222222220021111111111102222220204011111202022020022222400024030002222040002222111111112611002200222226022052002202220222122001111111222002211111111142000220222222002221022222022111112202025422001
11111212204222202026246111111111122221160422211022002002322202200222020442222504222422200111111111111603222620000222322222232222222112111111111020222211111111155202220222200022022020020021111111200222602211
11111012222220040020230211111222222011116024022022052241222620022022422022206202220242222111111111114200200030420224026224206202002111111111111240222011100211120624520422222322022020321111111111142222222111
11111224232006020511000011122022030011112022006220202011120322022222022322202112002222262611111111112022242220202022202200220000222011111100222322320202402001202020000203420463022422011111111111110206022111
11111200322002202212232011202020000001120020222002264211200220002224202042202611220220220222200111122222000200022002002220226011400522011424302220230032232204200420002022022021120502011110211111110522020111
11222220222224022204022111022111220242220220222200223511002222222231122002000211122024002222420221122322022202000222220220220011102063220022322202430220022222022023242231222011114200601122001111122220020211
12342205222022020200521111121111140423023222220002322022323222262222022022220011122252420502222020310260201102200200222202234211122226222222522220402222002002002205522211142211110020022222621111120222502211
10226200220220062240211111411111102022022220022320230002220262220024022222232111112422220220220242052026221212050000020002000011110202220200202222222222022222220220005241200221102200220222001111120023202211
14252202402022222042111112021111110222260020003422222020422220022322222246222111114260442260022203240211222252222622125220126021111020222022332220200002200222002252423002520422202202236002201111111111002211
12222002202220220224113000222011111220321132111100222600222020020020222022022111122230022320021222442012300240022221111111122421111111125226220222022224200226200000222220020020202022222404221111111111102211
10222242220000522000220202202421111122211111111112222022200422222000222011002111100402226202311102220110020022021111111111202221111111112222232220220202000200222020002222003023222202222220502111111111102211
11242422020002230222223220222511111102001111111110222222002030232422222111154111120222020060221224021111230002021111111114222221111111110320222320202122320022220322233202202222222022030432220211111111122001
11132402252222220222023022021111111122202111111122022222220242602202204111122111100602203222222226231111202222204111111120222221111111100023111062301113500420022522204242022222224622026202220621111111422221
11110242046222002344220222021111111100022221111020024202222222202225020211244111142042202242024202003112223522202411111202200001111111020222111200001112002222112020020002202402110222322420242320011112302221
11111202022021112020202060221112211112242222442220222022022202220022222020220011202200222022242220222000062202202221112002222201111112022224512024200022022221112200020022222221111111116024622252202111220221
11111222520201115022222242224022521112422220222242024202252201124022222222202002001110002226202240200200203240002422320022420021111104202220202020223202442001111020262220224201111111111222002232022011112221
11111220204202222222222202022022221112220022222042404222020511112202203200002002211110052002460022224200012222226200224241110221111002402020002000202206222001111102205221102221111111111220202211022221111221
11111332020002022402202202422222211122022240002502324022002211112226222224120222111103022222022022220221211124402022202521116201110202022230002222235002322211111112002011112211111111111110022111122321111222
11111322302052200022222202322323011166000040502223222222203111102203223021112221111220200026222222024221011105222011223011112320112252322022022020000041111111111111222011111111111111111211221111120325111222
11112202200036322211221112202002111104002200222233202222020111220022225011102021111000220022220220060211612226222111122111110222422202222602230002020411111111111111100321111111111111110211111111110422020020
11110422222211111111111111222021111110222212202200522420421111224502222311122021111000203202202254252111012020201111111111120200032023202200630202400011111111111341122222111111111111112011111111111002222221
11142220202111111111111111152011111110242111200202420220201111222202020111122021110022222222220211111111212232261111111111122422202226200236222200200211111111112222520224222011111111122011111111111122000021
11202042252111111111111111111111111111222111022022222024201111222222021111122211120060200260200111111111211112205111111111202220032200520201002222024321111111115222004020020002111111002061111111111132224221
13302622221111111111111111111111111111200111120232222020501111102022221111520011120222220225222111110221011111222221111112302252004220020211102252220240451111112025200222022202211110222202111111111120002221
12202040011111111111111111111111451111042011122202005242002111122222021112430211102220222202021111142020211111200202111123002200202220022111122023222002220111110023050222222222221113200022011111111120020401
12222020111122211111111111111110222110220211120203222220202011102222422220220211130222025111111111120222222112204022111220202006542220224111120051102002200011111020200222222220201112622202221111111020222211
10002022111206001110211111111125222440222011122240200222062211100062222232440111002211221111111111110242232200222021110220622204220225003211112411112442222211111222222245320222211112022220224002326022222011
10200222322200506004201111220223202202224111202222222022224111120201220222221110322111111111111111112002222020222211110232222252022220222511112211110002202111111602202222420211111124220002502222003222000511
12200223222205220220021112002222222222021111220002022220000111022011120024001112242211111111111111111222220022200111122204022222211122020221103221126220000111112000422220222111111430202223000222202222002211
11231010220222060220022102662020502231111112202204020200021111202211140202231110206001111111133211111224032220001111022020262324621202322022002022026224221111124226046200022111110226520020002200520030202111
11111011222202200220222202226022032211111124202022222522441112042201102222021110002222111111023001111020220202421113200002402220052220222200022020202203221111110406230002203111162202252220002202022022201111
11111013222220222020022200002202222111111222522024322225221120202202200200202103222222241122200222222220054222222122234206233222020000222222000022222222224111111004224202041111222122200224202023220200011111
11102252220222200222202000020026222111112022402040204060221125222042022222226246322200202202202502002222002206020222224023220002220622222220222022002422222221111102200000221112221112220022211111222322211111
12222222620011122202210022224022422111112202262002020022245022024200221112522202022022222222205520002202202222520022202022222222060200033324202202220000222020111112200222222100222122220202111111140600011111
60025200460111152224111111220222220211112220002022000200220022020222621112542022202222202221100111026022222020220222222222224202222322224220222220420200022400211112022032020222203222022202111111111222211111
60220222042211220020111111123024042001112022400242240200222420000224221110422020020002302211111111120022423402022220204222011620022020240023222223340022222200231102022222024032222242224202311111111102211111
14211222202030200040211111112222402202110022222022202222206002222222201112222302022606111111111111122242222240260202240222111400003200022220022203020022002200002222400431322221102220223222202111111162011111
11111202302040022023222211111000202500110004242042002204022222220002211110202262222221111111111111112022022022525202202022211002220042016024202606402202001120220023262062040311112220220202222221111420011111
11111502602003224002003601111160200222111023025222222220226000220222411112002202220211111111111111110002222222220220002020420503066022111002202020220022011112000322622142022211111102042220020220220220021111
11116232020522220222320201111422422221111022020404200202020202002402211110222220223111120111111111122200202112222002422002222022202111111202222011122220211152022220231112222311111112222032230202222200022211
11112222200220232002222522112200002111114202023002022230052222222042221152220026220111220211111111202002202112222230020211110002202111111230222111102204011202050223221110624021111110002224200023220202200201
11116020220202220222020622232200241111125222112220202220220002211222222420222242220111202222114205222220501111264220622111111400240111112222211111020422222203205000242032220352111112022002022020202200622221
11110202200253224022200422242202021111020201111020002020020220111122022022002220202022322300200224502320611111200502222111110202000211114221111112320000320262222035225500202022111142322002000032202002002221
11102220222565111263222042202220001111022221111320222002403201111122262462020202222042222200232024202022011112002202224211100020622221111111110062000522501200202240220220200405111002220220640222022222420201
11202302322021111202202112420030221112222222111222202020242211111122252222042020022222022002020002132111211122202222500211022020200020111111100202606202111133302060111022022022202220023224025202002263220221
10020232202201112240202111102202430120024650411120220420200111142220000230022250241200200242222221111111211200400600202211422042040220111111200022200461111102020425111222022202402220220220243222302220230021
13222222000611122202022111112220200220202222211122204202001111222020230222200220211120224020222261111111411223306222023111220005222221111206223420202221111240020024111200111220032220202234202620004022222221
12220222522211223204000111111202222222404222011122202231111112222204112020222022021114202236222223111111011000022206221112322022022011112022220262222244112225222001111401111153250220020262022220222222424221
12202000220111220222041111111102050030252202011102522011111112020024112022022220022111222202226020211111411222200203111114222220242111122022022034222025222202235221110021111122022111122222242020200202200411
12502200221110222202211111111111120220020200411122242211111122200022112220002050202111100222222242252232211222222221111110202220220111224020242111112022020200252611112225111122241111112220422242222222202111
16222320111110222200111111111111110024002222261120202011110020202222022220022003222111112011202222222402211022002201111120220130621112202000221111111022022202002111112220222322201111112200022222320222206111
11022421111122240111111111111111112220402224042220222201122222342222023020220205221111111111122220242002221100222211111120202125221110222223021111111102002522401111111022645502221111122032220204222002220411
11020042111220201111110201111111112222204200502252203026223202222003222011644232201111111111200202202020022232321111111262222022400220222202011111111112222201111111111110225402221111100002200202220220222211
11202000022200021111122203011111112223222202226222204222222232500326002111205220020111111126022022522302200026011111111222040022400222200022411111111110202111111111111111205022211111022204234202222020020211
12220202200020221112222202021111111200221110222323060202222532222203211110222040220111112202002002222200220420411111111222022220252200025202211111111110221111111112260111120205111112222020002002422325220211
20022422022200240262322205220111111122211111223220502203200222220022111100022222250211124220110203302222006422211111111240024020020062200622401111111150001111111102220211122201111022222222020221112244020421
22222022004222020220022202202626111132211111240022400426222002202222111102001112004222220221111020020220202405211111123222620222200234222200201111111112011110011122420211223200110620221100222421116022426221
00522022252222222222222220222222011222421111002226224202230222222220111202221112220003220601111222006111222202111111202402050220403222522300201111111111111122221110222211220202200202211112232221110252220021
12022424022200200022202020002222020062222110222042222502023022200231112242022222223000020221111142221111223220111111122202222202003220202022021111111111111224222120222111422020202222111110225522222030022321
11202020222222223240222202205222202200422222220222224230110200560202100026522044352242000211111111111111202001111111122423020521111222042040211111111111111200202220202111202222022231111111202204020000202021
11322220204202230220222234000622222022202252222222022201111020020200202022202022222000042111111111111111040220111111202222242201111100206320111111111111111200202220222211100042221111111111125042225220222011
11022220302622022222222202200003200202112022020220211221111252220420202220223200002502222111111241111112245402020003220022022325111123223230111111111111111222222222200201102020511111111111112222052222020111
11020220422202252222220211024002022221111111206220111222111220320222000020222222222022232211112202111122222242525422222220222202511120202002011111111111112202620022240222022030411111111111112002202222111111
11041410220025020222222111222220004201111111106201111302111022222222200222522042062200222211122050111222220022200000022321120220211122005020202222111112202422222002222224042220202220111111122053200221111111
11111011111020002222222212202250220011111111120321111020200022202002002220600022023200020211200011111222200000222422220011112220011122222022032222111120220242032222200234520222226026211111202202320241111111
11111211111100226240002220242400202111222111124222110202232221111302022222002222202222020204220111111262022220202202222211114222111112020024020222111022202000202226020202022222222540221100222220002501111111
11111424111120522562000022202022602112022211222022220220001111111122222202200220222022020222002111111120202202400110252011110222111111142223402222112220022222000262022504222022205222020224020111112621111111
11112222611102222202323205220602001114022220020020220320211111111111002202025022022022004222200111111120202026221111222241142222211111110020222202206202602044422522000202200222204220222202002111111111111111
11110200211122222022222224020202111120222402222220222202211111111111106203222224033200222002221111111120522222221111222524222222222011120222022200040022222000520221202220223060002022022200220111111111111111
11112202311126220402420024222031111125240223222002420020011111111111111200030222222022222224021111111112022404264116244200025202220262222005200002202222220002022311122202202211120221232022203421111111125011
11111402111120220202222022202241111112000024202022222202201111111111111150442022220200204002230111111111211200002260222222022260002422400022204200022002022112002222020462200211124231120222222222111112222221
11111221111110422220220020200021111122342222062222020222222111120011111134020220204420022110002220011111211100022042200223602012200062022202222220022223221111220220522022122011123221522000222222011200206220
11114221111114202222202500002211112223000322022022002222200111022021111400520222222211111111002022221111211110202222220000602110321120220020220220222222021111111222042201112311112262222232220220300022402322
11122222111111232062220202420211123222020200050221150111250111224006112200222222422111111111102200021112011111222242002022240014211112624002221200032222023111111122225222111021111022202011124230002020004204
11232200422111112022222022200211142022002252222211111111120111622222222202202023202111111111110222232111111111222622202232020422011112522224211111222424002002221042202004111600111130222211110222222222020001
11026600022211111454022022222211112022002300222301111111122242302220232002222002222111111111111220050111111110022222202202000222011116202223211111122262220202032002222242111200111200402231110002020232221111
11222202000111111222502220222001111220202600002021111111200222220202222242022202402111112023011124022111111112000022200211122222111114222045241111102026022220002022244021112002111222222222112222224202211111
11200220222111111120111022220221111220222022002002111112224223220423234222322200222211122220011110202111111112252224222111111221111112220222331111122020222002112022222221112221112020223202011220225200111111
11102202221111111111111152112211111132001100222201111112232002221111024302022225020222220202211111241111111111231112521111111111111111002222211111112202011221111111122321111111111222220202011200220111111111
11111111111111111111111111111111111111111111111111111111111122211111111111111111111422200011111111111111111111111111111111111111111111111111111111111120111111111111112011111111111112222202111104221111111111
