# Generated Map 4
11126211111111111111111111111111111111111111111111112211201111111111111111111112211111111111111111111111111111111111111102202111111110011111111111111111111111111111111111111111111231120011111111111111111111
11422400011111111111162211102111111122111111111112242222202111122111111111111102022402222022226202200211111111111111022422026222422222422222211122021111111111111111111621111111110203202221111111120401111111
11522020021111111111202022240211111222222222222222232222222222222222232322222202222222222222225222222222202222202222222222222222222232225222222232222222220252222222222222222222223222222222222222222222223221
11102202202111111111220632420211111222211111111160502222020020224011121111162020252222242422005022222202111111111120022220200232222220224020205222204111111111111111120222002532102202223111111111222002004221
11110020040221111111022424022111111022111111111124211122002222025111121111111202202220002622202002322220211111112222220202222220226002202222000202022111221111111111122220020306022222421111111111122200222221
11112023200220111111263220002111112221111111111120511120221203201111121211111122224220220022005222000024201112022022620222020222420262032020224220002222200111111111222042223222622322211111111111112202202021
11110050030220111111240202002111111211111111111522111230211122341111124251111120202110002002520402204000206222022220062020222206202000602112023022002222022111111111302202200222020442021111111111110004206021
11122624022000011111200020242111111111126202522002111220111220201111124221111202621110020000020222202062502222002220222020022200420302201111324222202220322211111111060260111052022000002211111111122022042221
11222262020020232111102020201111111111222222220222111201114230021111120221110200201110022226052112000020222043222233222022020200022223211111222200200002222021122111225001111122302220002201111111302220222221
11222024422022222411122200111111111112200224202002211111112422221111020201112206221120321122041111002322322020224502054220025022110252311111222200022200023222022213222021111102460220000201111112222222000421
11222220222220002411122232111111120222206622022422231111120220200052420221111204211200011222201111202232222202200222042202200021111420311111102622022320200442002322320251111120200300226031111122302222220121
11111220202222220222200220221112202423022225622224203011022222022225020221111032211250011222201111122042202022222202223252200021111120221111122222052200002212202222242221111120020240200221111220020000322121
11111102204002622022222202002222020220022525340422222022232202222523022022112002011022611222322111110226622021122202022022220201111110022211032200022222111110022220420011111130021120022221112302202242021121
11111122220002020220522000220220222114202203202224202002222300032222222006242226211223022420202111111222222221111112200220223001111112202422222202222020111120020202211111111222222102022220123022220026011151
11111122202022232222020205220322201111202211111110220602222200220222222222500420211250222242021111111222622020111111220022023211111102020002222202201124211202232222111111110225202002224022000020226224111121
11111230203420246222220020224020221111132111111111250022000202223222232020232022111222022222011111112202222220211112000020220111111220260202224221111110200423202020111111110202302222200002222200022220111121
11122220002222002220042112262202421111111111111111600222242202022212222202061111112000220200111114220302211352222203222222052111111340264600622011111111222222244202111111112220226300222420041112025222111121
11002200000222200222021111200222220111111111111111200222200022200111230111111111114202246201111124022211111104020220452020221111113022322032202111111111020422622201111111111111202020222220211111202204022221
12220222000220003002201111022224322022011111111111222202023202202111220111111111111402022211111132000111111110520002200222011111022200222242221111111116320020023021111111111111100225002222111111132220620221
12220222022200202020222112020242202222202111111111122222402222220111220211111111111111203211111102200111111114220202222602211120220224020400201111111165520222030230022011111111123002226242111111112220240421
11522422202242020000222202522202040220022222111011111112221112221111222022411111111111262211111130255311111120222032200002111422022222000022011112211102022022202002202002111111112223025420221111122022222021
11040220222400522242232024222002202240342202222041111111111112221112024000221111111111202011111202222211111022200222112022111420200201111222211102201122440111222202222250211111111102002220222222222002222521
16000220222020011125220202002222240222222022002021111111111122332023220022221111111112426211112200022021111204202221111225111001114211111122111202221112201111126411114220220111111110242222222022020432222221
10222202622224111112222220320062222230221112020221111111111122220222430220211111111112202201140222202220110622202201111220111111111111111111111222221110001111111111111002200211111112020322230222022022022221
12052222622222111114022402252032202420221110222021111111111220222222122224211111111111022022220321112022230024200021111201111111111111111111111202432122221111111111111102200211112202222002024220042220222101
12422022052020111106200224420202220002040111206221111102111205232421121222011111132211222062222021111322222022222005110221111120111111111111111243022020221111111111111160020011142203020221111020220000202121
14605022020020211222242222202220022222002111000222111420011420002021121206211111322222202200202022111112222422352220222200111022011111111112111120022202041111111111111222020111100020502211111100202200021121
12220302000442022222202202402422202020222111220422003222111225040202131222211111022300022220220022200111111322020022222005111202021111111122011122022220022111111111102222001111222221111111111120203222011121
12020222622020223622222020354322240202020222020220602202012202222202121202321111122220423402220222222001111120222202200420111122002111111202111120226002440021111122230222301111062211111111111122222422111121
12222022022220232224255112022242002400202224322022022232230200000222121200202111120520422422262232022220111110002022220261111112222111110001111000522222220202111002022202001110202211111202211040052022111121
12000225202200002002321113226520022230022222232022220202224520624000022222222211202220000020020224110022211110002022253221111111002111110420110342002030200222111220002020241112220221132222222222111622111221
10202220000222222222211122222266003042360223322220023200222222222200420020022223022224220222222011111002221112220220425022111111222211122202640020622220024022111042042222311122222442224200520020111520022222
10220111102022202222111222420222110211222252050202020002202042022054232202202002202321111100230111111120221111020000002224223111222202222252202622420402622020210222222222111202022022040222022232220020222221
10222111111114220022112022200302111111102230202062002222023250225224222000520222220211111112052211111110022111120223022222422011202042032202503220602262222225222202022222111023200200220220222200222423222221
12220211111111230222222002002222221111110202022304222222000220222432022002220202250211111120023004111113222411100022202422022202242002220022202200200232224220226022202000111122022022062111222020422022420221
12202211111111422020222223222222222111110440624200222202221122200020022206066220020211110020220222211112200011110422021102222022020202221110022022042202042042222464206220611111402220202111222026020206242021
12440211111111220232232062222222242111122222022500220222011111123226020224222220042111102202222022241110020211110222011112222222222002011111022031042020221111023020220220034111122222222111322252222020024221
12005111111112020032222620220222032111260022211122202040111111122023223240220022021111522422222202201111222011110422011112222222222203211111132611122002211111122000422000422011120025422111204211122211020251
12202111111104022600522223002002241111602022211122402402111111402022222222223020211110422302622226002110020221111220111102222224020220111111102211100402211111122026222234202011126522032111204111111111220221
12222011111120022204220002206042001111120622221030222221111112022320222002200320211122222211111110202232204200011111111222222221111202111111222011102420211111202062063230202111110232051111220111111111222221
11202021111200002322202022022222221111110222020422445221111110222002022222230202242202020111111112000222225200021111110000201111111122211102022011112222021112222022202244011111111222451111220011111111222321
11040002502304020003020211022020422111102030005111124222111112222202020423222026004222220111111122404205220040002111102262111111111122020225224011110230006500222223222303111111111102211111020011111111203321
11222360222225020023032111120220222022202226001111112222211112522222622031123202000020241111222262032540004202004025020201111031111202425240222411111040022220222222024202111111311122211111122211111112220221
11222302204222250222420111102023300200202224021111111110502111222022023211112002200222011110402222262000221122223420222021112202422222252420002031111112222203222111002222111112220244211111102232222205220221
12222020020250026222000211244022222502522202421111111111222211111120220111112022222220211123020120205602211110224242225221110200255522002002022201111111022224201111022000111112202200211111660000222222220221
10202000202220002220223242020306211406022340011111126111130221111110020111112622520024111220021122200023240110222422220311112200200204200200202221111111102200011111000421111111206222211112622222020322222021
11002002006222222002222220252220111122222011111111062221110520111112220111102000200111110200204420220000022414202202220211111602022203226220402201111111120421111111222231111111120002111642222020245022211121
11111222023052042002022220050211111100022111111110202200102222001120222111040042322111110222020022020232203220220022242211211222111112202212200201111111156411111111120221111111100221112222260240202202111121
11111102222222222222204020200111111622222111112200220320232020225020031111222004450111152020232200204006022220022220023112303321111111222220442221111111222221102111112021111111220221120222202220020621111131
11111102002020222220022002201111222222222011102052402222222222302222221111220222200111122002420211222222202020042032211112421111111111120002062011111102225222254011112022222222222602222622004002202011111121
11111120202004222320204261111112222222202232202223225022220202023223121111226220222211223220322211102222034022202022211120201111111111110003200011160022222026022001110022025022042422022200022011111111111121
11111022220002402202200211111123222022242020222222042022200302202420121111626504222020222402400222132221222222222000222252222111202621122222024111102222222402002220152242422002222022022202242111111111111121
11113020222222222200222111111103300002022204220022022225422020222022131112222020220522022200202002100221206200002222212025022222022030622022060111122252252202022220220002230220255022222110222111111111111121
11132222222003222002041111111102230220222022242221122226112240632006121102002256522022022600222202022422322322020200222202222002402020220622232111112200020202426202022002002201120330201111200011111111111121
11100020112020022222061111111102202500002230620022202221111200223022121224020202022220220202022030212022220202212000021222020242000226202202222011104222000222622222020202220221102200421111000421111121111121
11100022110222220022211113111020002200114240022202230001111020200322221322002242022020402032220222011262200052242000232022222240211222202222222220322200022223220222220022022022220222222110220021111203111121
11112262110232111330011100011222202421112026020002220201112430242000031222200422402222222220200052241020042220010034022123232020111104201122222242002222205024002220021111202246020222202012002521111022111121
11111001113220111022211202222502002011112220322220522201122000200242231125002240222202000020200026004222202020410300022122222220111122211112604020222220002222420200001111022422422022022011222211111122211121
11111111110220211220211022205302222111022222002232402202122225202202221140220200220202222026232513220020120101120222222422002222211030421111202203420000222022220222221111202002011222220211111111111104021121
11112311111242211630011122000202221112222222200202222022112632222222022222220022222402400020211112300211152111023200205420020222224253002201110002200020022220220222222110002211111220226201111111111102022021
11102231111020221122011112022002251112202222420202222022111112222242620020222004002200200063111110020111512114422222422222202323243002222220111002202022022400022220220222002111112222222232111111111120202221
11100252110022322206011112222202521112022222222252002032211111222232020204220222221115222222211220022112002220220022022022042220202222322020211105603220200002222600022020202211102522220220221112011452222021
11420222240200022042221111022200011112202200204233222222001111202202022500026020211111622320502202250023202022623203220202002220611220022022221112240022222111222522224032002222402324022202202020020200422221
11060002320262302222220111122200211112222202422220022020022111000222022220020022211111142340225222302203222222045420002222222222111220223222201111203002221111102224522220222220032224202220422222222222200221
13320220222005402220222011111222211112460552000220022520222111222232023202220042211111122022222322222222002202020220422222002202111222202220201111020002021111122000200202022002220223222050052242222024026422
12020222022322022203562201111100011114006502222022222002222111120524020022220022211111242200222206000232232442622220220222222252522400242522211111202202231111102002220211204202230322002112600025522222426222
14062220220603002202110223611225211112423222222203322220222211110022226222264224221111220220302222422222050002030042200020112020220522424224211112004022221111120641102111125000220222221111224220202042022221
10022001102022202201111052044024011122222251120232202202022001111022223222022220002110200002002002032220020022202032222022111206222424022020231102302230521111120011111111100222002202001111002604205050222021
10222021112202202001111232060202111122230211112602402211102222111112022225226600222112230020200222020022202220022620222022211222222220002202304202202002201111204211111160222020202010211112202304020222222021
12222221111222226011111222202221111242021111122022203111112020211111122002000222222110022030202221111100222222022212020002412200202202000602523022222020522116000111111222242020002002211114220522520200222021
12022211111111111111111200222411111222211111042200021111110232211111122242201111201112022222020211111100242032012430220022220000025204200022202424202202202112420111222623420200340203021111022224220232220221
13061111111111111111111122422211111160111112002040611111111202221111121111111111111110222202202111111120202020220001402222220222526402000212422402000220202110202112222032400062202402002111120222220211232021
11111111111111111111111122222301111111111122250020111111111152032111131111111111111112222506222111111122202062220221111202020022222220002111424224200002222111221112201122202200020222234111112222246111122421
11111110262111111111111660025220111111111022200022111111111122202211121113011111111132620320522111111022226323332266214302420202224211111110020011221122220111111110211110522202221100221111112020021111062221
11111110202002022111220320220020211111220022320202011111111132200411121120022111111254242000062111111200221052220222400242223205022111110423222111111112232411111100211112220222001111111111120222001112522221
11111122220220252112220222252522222222000026222022022111111240203111122242202301112002020224002211111120411202232202111022522222041111142200260211111112022021111220111113222222221111111111222222211120202021
11111202302220220112220020200202222242254202002222025011122425011111222222222220023202220422400021111043221022222201111102022222022111002026260022111112202521110222111120200022200111111111022200111100221121
11112000000222011112006222600224202022020002022222222211022203111111020006202202240202002200223021111222001022232111111121000200225411232230026022011112222251110222111222020252000020021112220201111112011121
11115000023202111112422222020624022030202112220222220211223201111111123422024202400202022000240201111232002222221111111111002220022011622020011120001100220011111221111002202223222222202222022011111111211121
11111220232202111111400402222204222022021111111112023211100011111111121222200022004322222322222011112422200042240111111111122220020112221111111112200202006011111111111000322224222202220023222201111111521121
11111112222223011111102424002224220206422111111111222201111111111111121112222020002022046622022111120202022202202511100111052222221122201111111110200203000211111111112220026022002542242022222222111116221121
11111111002222221111111022220020222002643001111116222222111111111220121111222230320000422202220111202002222022222221040412422000222223220111111112202232022111111124220220206220252222022222225220211142020121
11111111242222221111111122020022202020202222211122202022011220222220221111220222225220222222220212222220000032222001102222222420222020202111110200226220211111111020250022000000224024220200022202202232220021
11120111122200261111111111125222220200233222222222022020222222002222121111443024340022202220222422266020222012403621123002202020206022202211120222002020111111111042222022002623200020000202222222220202222221
11220011102002242111111111120322302220004552222224422222220022022221121111202020422021022202220222200220226111140021100602554202222022022200222202202222111111111252224000202262022222220000002220024002020221
12222211112002024211111112222220021126020202600022020222220020242111121111132226020111120224423222223202041111140001120220201112222224020000220222242222211111111122222020200220240222022222204022220040202221
12622311110322200261111140000220011112200020020226211122422002011111121111122322001111020403222202200223221111112202404450221111102223220204020202202002602111111120040111120220220230202234422222232304222021
12520211112002243201111102204251111113202611164022211102225201111111132250222000021112000020320620022302011111110020000220202111122002222222220202342222022011111102211111110205220224060221111020112200222221
20022021124222200021111126023211111110322211110222520200322211111111120002023042211112206222222022220000211111102240022622006002022222611322023022306522220211111110111111111020222044224011111111111222020221
00042202260222203201111222205111143222200211111022022202422211111111222022222221111111022222222362240220421102222024222202422222203221111122032211120220020111111111111111111020223252302211111111111502021121
16422200230020260001111222221111020222242201111114222440242211101111020022224311111111200000020202022242022226200222501114222222242211111100220211144220321111111111111042022200004020222002001111112200011121
11111322022222220001110242201111500220222241111112222222022222261111122035200211111111120420222042230502222632204022111111203202211111111132202011112206221111111111110042022222022200042220002111112242111121
11111111111222223201110200221110622201110401111112442420502002211111120222022221111111102620222222012222024222042221111111542004111111111110002211111112224111111111120220022022322222042002522111122001111121
11111111111100222221111202022142422011112211110220220602202232111111123020250252222111112042222222111022002222320211111111102222211231111111200211111111202211111020202202200202222202222201111111220241111221
11111111111122402321111105000202220111122011122023200424622201111111225422202402522111112220202300111102111111202011111111122222400222111113202201111111200201111002222320002262020220232011111102202021111111
11111111111202002226111115220002221111252011122202020262002523111111032260022222231111112004204242011111111111222111111111112022022222232022200220521112242322111200222002202200232220222211111222222221111111
11112033422020262222011111110222011111423211122222202022040002321111022302222320241111112202022203201111112011200111111111112053222242202042222262202220222220111022220211020022200000522021112222022221111111
11103020002020240024001111114002111111200011122200022202000023204112222222002220221111142040000020221111120040021111103011122222220260000220222022222242022321111102111111122422250026322201110060200301111111
11202022022300222020200111110203111111102011102200022250220202020222222202222022221116242502222222002111600040231111222222220222261202202043022222222420211111111111111111105002222042002011111000222311111111
13340201102222222022222211522242211111112001220402202020304255224324425223222222211102220004002222050210242022200110642232022302221222320011113220220220111111111111111111002202320022220111111122220111111111
10222211112220200252220222002202001111112020022000002022222240204323620602220222111120202220211222202021202022220020202200022020220022224111111022222242111111111111111112020111224000001111111112222111111111
11222111112002042202022003000222224111102200222042222200222022220230222232222021111100202200011122020211122222232422022200024000002300020111111142020222111111112240111110222111225042211111111111542111111111
11111111111202220200262222222530202022000022024000422422111111420222222222622221111111112000201112242111112222222020242252222020022320220111111102020002111201122202261112220111222224111111111111022111111111
11111111111126252205220000222504322222222222002222220221111111120022222022220221111111111222425111201111111022222201122223224002232222202111111112202002240202220220300110001111200026111111111111220111111201
11111111111112224266200223401102022232220224022002222211111111202024222200000220112401114222022211111111111125222411110032222322522220226211111112222200222022200202222112201111220222111111111116262011110021
11166404220122220211112022011112202240200222020324222211111111022200522222220220220202222402042311111111111102242011112422500020240222222231111110520200006202220522000113021111203061111111111112222221102011
11042600000222003111111020211110002222222042225222202621111111100024022233022022220240220222222211111111111112222211112024222222022202202020111120220204112400243022360302020114220211111111111110420322220011
11220022240224001111111120111112062020022222222222220202111111112000220205302222262222220222002211111111111111220221110022222202230020022020111100222211111111424022020222002226226111111111111112220030022411
11002021111240111111111102111115030022222422222022232226020111116200536222022300022242222200224111111111111111106401120220202200205220000111111222201111111111102000002060002002211111111111111110400002240221
11422011111111111001111100311112022022003222020222022022022222110020325222026220111111220020201111111111111111110601113223201111222222041111111222411111111111120422220002022221111122211111111112002200220020
12202211111111123241111142031122202113200222422220005002220220622020222222212251111111102220221111111111111111112201111112211111102222261111111230011111111111122022621102025211111002221111111112220000022202
10222211111111220021111110220206221111202332320222111242002220520322222024302422111111124202421102211111111111110061111111111111142342222111111122111111111111022022211112020411111522023111111110222222222222
12222220221110222111111111222020221111102222222002111122222202405422225224202422024001252022222222220021111111112222111111011111100222262011111120111111111112222022011114025211111022023051111120022221114220
10022520022020221111111111222002211111112022222002021522222052520022232002020226222204422050022022455222011111122020211114041111022222222001111021111113011224002226201122000021111120002002111222623011111000
10220422262020201111111111242022401111111202020502322222002204020022222022000240202200022222022222222203001112202232011102220111422221220001111001111120002022220022204202220002111112442022012222222211111202
12220020200222211111111115222202202111111420242262202222232201222220022222200200232002204220004024022032222203000223211260002511122211122201111201111120022002203220204202220222111112322262420202222411111111
12226022202002111111111112230220022221111205223220202402110002222220220232202032222222202326025002206042002200203221110002405211111111144221112002111122220220002632200240262220111123222222500242020001111111
11200210203021111111111110322250023002112200220222204201111100202020222222232002222000222042202202222211110222062111022452002211111111122322222422211232042222260222222220002022111105020302622222240221111111
11020111024021111031111130222222200022260222221124220221111112220022420220220205204222022025222201111111111222211111042200202211111111222600262202020222203320220220022222220220111115264222220202250220112011
11260111202222113000111120021122222202022206211002022021111110023232222222222002222222200202202011111111112225111110222222002111110220020020022222022022520404330222423220022222411112220204052202622020222201
11222110202022110225111134211112620232226042111022222021111111032202220222221111102222202222020111111111122224112502243202111111122222022222220204211025222222022022420223022202201112222020002202232022020061
12300112202401110500011220111112002420244234111420211111111111202020222202521111111202220011221111110202222222222222020201111111222220202020022220111122420002402022022111111206001116524222211002202200242221
02042111352211112202302020111112220022222520222222111111111112226040422220201111111132222111111111112520200222020222222251111111220220002222220222111120222020224240221111111122521111112222111130402204222321
22025111122311112222222202111102602022022222222011111111111102222111110240611111111102022111111111110232222022200222220422111111104222003322200006111122420002022222021111111122221111112222111113220220220001
12222111100221120023262203011132362211202202422111111111111222220111111022111111111112224111111111111202222422020222111220220111112020032022225200111102200222002222201111111422222111112222111112202002222221
11432111152000220002222220011110200111102020011111221111111222020111111221111111111112224411111111111222262020026221111122202011111022202022032204111110260222223222221111124220220211102022311112022202322201
11102211002222220202342602111111222111122241111113222111111402222211112021111222111112340041111111112202200222301111111110002021111112625222030002011111262420200302001111223002022211142246011122032422220201
11102202000222222220222223111111200111104211111112222111112202202011110002113222211116522521111111152260220240521111111112222002111111002500020000021111122022020322001111022044200111122225211120222023220202
11200222200020202002222022111111220111126311111110202111024020022011112252206220221120222021111111062022222026201111111110002202111111104202322220201111145321111020221112020220001111110022001222361102005265
12202020222202502242122200111022221111110111111112202202022200320231111220222206020000022222111112422224202220220111111124220024111111112322202222242111204011111112211110222222221111111120220000611110220241
10226222025220020201112202112222021111111111111100242322220222200220211111222024222222622200202000204221422222252205112202222001111001111400200322220200422211111111111112220200201111111112022223211112225011
12022202022002420022111221110042024111111111111222200222022202240302201111111111002300022204202222222211102222020220002425622001112220111102223222026200220211111111111111232030225111111111200023211111242111
12222442022202242222211111122222206211111111115222222020002102202002201111111111100420022422220040222311122223220002002222022021110320111124226022242220200221111362110210022202225311111111112022201111200111
12004232222022305222211111102320622211111111110252222050222112203202201111111211112202002262022230222211222300222020020223022030202202111112200022020202002302112222042022220022203221111111111004204111206011
10540602440011206222211111064222002111111111112202202004022202040002021111112321111110022222220011222402220422600020522202022240232222111111122220222225302020552022452224322222002203111111111122202202222031
13426400352111111200211111202220211111111411110322220202624020222202202111111222111112260552200111120022202002223220200000020002122200211111102002202002202222200220220220222430202232242201111144222200225221
12202020220111111120021111122424111111112621112022222200220022422224220111111204011112200225222111111122024042202364222020322201110220402201102622422202252232240242222022221142220022022422201112002502222021
16020646202111111122221111116021111111112021112032222024240022022040022011112202420025222020222111111111222202000522022320222231111000220222220021111202206202202022400223211112202200222240222111120022202221
12220202221111111163011111111421111111112201111202202222002202211112330221112222020022030200202222221111102522254222253020224022111202222200201111111202202202222222521111111111224111120002222211114222022001
10206211011111111102011111112221111111114221111222200220020222111112220021114320222262220242204222420211100002020222442222242222111202400200211111112222200222242026211111111111111111110202202211110220020021
12222111221111111222111100220220221111110211112000022024255222111100022222102224222202223222222222202241102322523200260222220001111102022002511111222000202222222222011111111111111111112040202421120020322321
15002210002113260221111520222223002111110011112220200240223226211220562332224423020602222022222040022201140246225202220623002011111122206422311112220252222022264224111110202222111111112222020022220032024201
10002220022003202201112060220200244111122211112266222225020220002243522022022022220202002020220020202260205202220220020022222011111020620220221112221112402003242211111120220322232021110224020522222322522022
10242220300200020221111020222040626111234021112222202222220224202222202222062220220502002022200262222020040220211220400202020211111202220422222122411111112222200111111220262222020202111225220220400200040022
10002202202000022321111111111122021110252001116022226230022220222442011222220204222222206202022102022322222222111132002222002111111200240202062022261111111322222111111202020242222223111023022220222422032021
12202332040002202221111111111111111114200222222022242202200002222201111142262520220024400222222111202220220221111112220020011111111242032025520202220111111122222211111100002036111221111002120250023420204201
12224042002202022023021111441111111112200002302024024022400426211111111132004222302202202222202211112322460021111112222021111111112220462222225020042011111110206201111116020021111111110201113022220012204201
16224122200020242006222222424111111112220222220222024002520222111111111202022022000002042225230421111030222262111112222011111115224520222021110222020201111110220260111112432201111111130411120302620111022001
12221110202202050420220200022111111130234002322202222620022226111111112522244226220220605222242322111115202205211110002321111100200204023021110232220200001122220222211102664001111111222011102222062111120011
12020202022222202220022622000111111232322402622040226202232222211201120022020502422242042202222620111111224022221114200220111100300220002201110022020023232202220200002242402221111111202211110211002211111111
10222222200022202022220222025011112022042240222022020230222200222022220050222022000022002211024022111116002220021122200022211112222222220221112222020202222022022223022022040222111111220211111111120221111111
10220220222224200211142202200022220200000021100220002240200002322222222002222222220022220060400100111100224202200260202026011110622200202322202442201102222220200420220222202305011111122111111111400500221111
10002222032220522111100203222242520230202211115202022220111022222220222020021111220000600022221112211120042004200022326042211113222200022402022241111112422222200222402220220022251111111111111114222202000111
12202220241122224111115200202020020022004111112224222022111111122200226246611111103200020220021111111122202602200222220402211110200235200402064211111111220022000202304205202222211111111111111126040202202111
11202222011112001111111622222222622202011111111222112221111111111002250111111111112220112202211111111110200020220352422040111111022022022220001111111111222221112202020002224211111111111111111003500225221111
11111111111111111111111111111112223011111111111111111111111111111111201111111111111111111102111111111111111111110204111111111111112053021111111111111111102111111112222222202111111111111111111122202022211111
