# Map Size (H x W): 156 x 206
11111111111111111111111111111111111111111111111111111111111111111111111111111111111111111111111111111111111111111111111111111111111111111111111111111111111111111111111111111111111111111111111111111111111111
11111111111111111111111111111111111111111111111111111111111111111111111111111111111111111111111111111111111111111111111111111111111111111111111111111111111111111111111111111111111111111111111111111111111111
11111111111111111111111111111111111111111111111111111111111111111111111111111111111111111111111111111111111111111111111111111111111111111111111111111111111111111111111111111111111111111111111111111111111111
11111111111112401111254011111111111111111222221111111620211111111111111122111111111111111112654021111111111111122111111111102111111111111111111111120201111122111111111111111122111021111111111111111111111111
11111111111022202222022022202232211112002002200111122220226222222042220220652220220200202222022220112221111111224222203220240230222200225111122225222220252220221111110211111244220002111122200111132211111111
11111112220205222222420042240224240220502022222202220200202504220222422522022232220220052220000222222022011112054220222262222222222263224022000222400524224022422111100231112522003242411022220222220202221111
11111122202322205022403524220022022254220226622422020252260222202222220225224223220204222022200600222222202202222202222220246323002025022024002262222222262422224111120222000225204222211020244220222222222111
11111122220220222022224422222420322225202222022222220220200022222202242232422002060222422022422022220202634530320222024022523222000502022202242032222222222220202111122200020042242222111124222003002220222111
11111242220222202322222252620220422022640022422202524220222022022204222222222002022202222242520620040030222225202020242011122252111342040202222223222222222220242211111025222222223222111142022622200202221111
11112220230020222202402022223325220202240222222222223020242020422222022204263232022220022222222424322320022222242205022111112211111122020052203222060000422222020221111122220442222220011112000220202202211111
11110242342222200422220220222222242222022223224002002223222020524222200042222252422232322222250112222250252222222202222111111111111034402222211022202002202022000022111102224252002202411112422242522202511111
11110220242222222220224242222602240000202422222442232022622040222022243250220211102644250200222112220023222000030202222211111111122222222202111124344422202222452520111102222220220202111115402222420402211111
11114202220220252222222422502222024224222203222420020020262525253200232232240111152222232225332202320424202522422042225222241111222322202225111112242223202022222202011032220022022301111112340220222252511111
11111322224022232222022240202202022202424002242220246522222222422224242022021111222202022024222224224254240220202022042222222112224262200222211112222222002222203200422226202402006211111120025004222222211111
11111122222022242220423220402220222332202005420220020223222522222422222300221112202202322423042062225022224020032022422243520204022424602222421100254222202256222226224002232202022111111223452242022602111111
11111112306002232220532022220503502220522022220023412522002220222242422222221114200202222222042022002545202522122422424242222052252252242022422224222220230222022222222532032202432111115253222042240222111111
11111112420022222030420222022225220023232022020223111222425000224220223032221111000222202250320002222222202225020222222220022220223220222424224002022242220022220224222222542455221111122022222225022232111111
11111102240224002221104220022252022423220220225222111250402222202002202022401111132220242220425252222220242222222222002225522222202222202202252242422542222023202222222020222322201111022222222502402222211111
11111102322502022021111114520224220222222240225222422225222260202240220222202111111113222025352222222020523622242052422205222205522006200242020022402222220222252022022022425222022112222540022222202202021111
11111115202222322021111111242222220222302222222220262022202224252222002220242111111113223042322222240243242200254040322522020252220222240224342220203020200222022020022220222020622225332222525222225222222111
11111111224222222424211111122222225222202032002024220222220222222520222222223411111114224652222203252025220020222022252220025222452250222002220020202220220220000242023002004442224042222020222230254620202111
11111111103022222222221111112022225002252420222252222242320020222200622222022211110222222520202025230023002220022022220223322002220222222055000423552205202202322040223000222222002020222300262226252420240111
11111111115522200222202111110222224402242202624022250522220320222040252224000211102200522204242022222322422223202422202202220552540222026322440222240522246202242425252340004020232224220202206022225222241111
11111021122222233220220211122202202322222222502222024204252204223020220203340211140222302254242022642224222204250422422240202522222200202222245204054222222220522222222520232424222022232202002202222222221111
11113022002402234224222402232220222202222202200222023222240034202323222232430211112202232222240422222222240422220322542022022242204000232220223325254200022220222022220224032232520522242203022250222200201111
11112622222222042224022242022022320042260200222223222253020424250422202220424111111122222220222252022222224222202222422002024020222520242222022222224225320522220020202222322222222332023242220420202020421111
11112262022022422202320230422222400242502322220002222042222542252520242224521111111120005022222222200222222222205222252223452522222202222220220220262223302225202304032302222522020224222222062223203625221111
11112202042422252502502025524225222022340422220020222242344522444242322255221110221124052222222022225062055222202222222224222202225042202020022360220025242202022402252202044202460224224222224264242222520111
11112002222222220242202502222042211122220242200020426223222202242222222242202226200252622242020222222522222222022222002022324202425223242022220203222422220222200202040002232200244222002220062222222222243111
11112230220002222422022320042022211106002422300220324202240223020202033022252222232032022222000003222232222622420222224220222442245203022422225222022422222202222625222240032204114025242224202020200022022111
11110222220242264200422220232322220202202222232622222403224222222002022040222202222110022222232503002220220202222220222220202522222352222526224243222220222200502022222244220241111202252422002222024222222111
11112222222020022000122020523220222202222252222020002342022302224002020252022222201111022022040232452222220222204225222023253252222252202220423222240202022224252202020245040211111420222200200222224220025111
11112200220262242001110000205222200220322020222242242222242225422202504026332240221111422022242422250222220232432222222222232024202214220025222022235022042222420206025242232511110222222233222202225202241111
11112022222242222021112220242220222042232402222222022200222242402042242220222224222112220020022222422002202222422050222530223424442111220222220402222222022022222240222420220221142022022022242020203202221111
11110222022022224001110026222222022224220222226202220240002222243022222224222422502222222320200202222502222222222220520222222202422111642322205202220260442222202022222402202042222320022242223224202202221111
11111224222042222321110002200222320222022220200053222225226423022202202225620222205220422522222242025202202000223222202042202202522111120400022222202024220222444202202220000422022222400225222025042022211111
11111102222420222222122202022052222224222205220022660022022223302024005224200222022224402432022022022226202220222640022250222022222111112220404220002522422422224223222020222202502003322522052222520220211111
11111112222523222262222242202222202222222002223224420202022025262422032222224040422222500222222222202202052020222022224322250222400211111222202222022225525222222112222040220502202022220222422220520200111111
11111112222222222022222520220222222222322024222222242222202403200202242203425022222224502220020224220022222404022020222222220222240221111020204000202224224202221112222025522200030020220204242224524001111111
11111120222022024220232222000422200022222202222202222232220202022220252022222202204222222224222022222225200422202403222224002242022224024220242240022222222220231110022002232222225322052222422222302231111111
11111020424222222223222022220225420522200022220020222222003200322220022222111224202222224242422204252222004202424242220022220222222322204222054024522222522245221100252322222260022225242022220222202252111111
11112022202502222242030220202022305422002220222024222202022252402202022222111111220222262222222222222222222022232026022043262022200220022222322040222022222434022220322220222220042302222242222226402222011111
11115022442220220220222220200020202402220224204224220222423232222252022022211111222202032224203252222222040520020422025332222342250020642222222520222224224222020000224222004202220222222222253222222202201111
11111220225232222223522222005422220222042424222603022054202250222250220242211111002220422202122222225522225242222252202252424422222240225422200222025222225022220244202322422220222042402220244222402250221111
11111440022020442222202523202452223602222224202222032222620220224242024522211110002203202221124223022503232022022220242223222222222255002242042200052024022020223222222504522220202222422342022222202040221111
11111225222300222222220222622222222003222222222002232022222222544222042200211122200203220222202002212242022220522220022222232002322224222022222205442222542220222220226225322230242222252222222220202552021111
11110422202422020222022264400222004002206200022110020220220053222022322222502022203522022202200200111152322200322220402222222244222222220220242224420220222220220224200022240024222422342420020220002222221111
11112222202453502022202222202222052020202223022402022202222222202402222222222202202220022220222242111112220322325200222202002222220223220222220222222222220225022004245220222224222202220252025222252000021111
11112202224222262220022222632200242202440252222340202222202202222222020320022022032220522502222222111122222202222222222224222226426222304202202200200200022222400222242244222042022202202022242220022442221111
11111222002022424202022222252242242202450222222223202222320223202022524260202420220222222220222000111200420222422504402224222002202064442232022022222020525052222220032222034432522022322022222222223222211111
11111220440202225252002024252222020252242220222222024022225052200002422224222226262220022225022200213222222242520232222522222000022362220225240223202240202220222002222623222242222222220504222020222020511111
11111262452320022026240222220000220033544205222244222002222025243255220252220220222222022522222326202422203222222222222226022320202320460022222242232222252022022220242042220222225324224422202222222302211111
11111450220222422022522260226042242322522202226222022225202505232252024222240222200064650202222520202220242305042222020242200425222220222220200223224222002020222000020222240022525404442422045422232222111111
11112244502520422320222022420222023222202202220223202223222242222222202202222420220442222050220225252202422242042222322222020204060020220424542023224030022222602200202222220520202262250222232522222511111111
11112222202225422200520420222222064054250022203005052042402222450232600022224224200222222222222522220250222042024022223220222622522220220222222404322022300020022222022222004330022202210232250222220211111111
11112242220302202221122224020222042222022022252422230452203222222222202320222222220402200022542204220042250222044422202222020022250040020202226432242224203020000242122424204222220222111252022232222221111111
11110522222203002222222032225220223222220452022240220232202222222022242222002222004222202242220222225525224200222220202200224222044024110211322222252222202424225021112222242222222025211111202220222022211111
11112222022242240020232222024020224220222222222224202222252200222022556222222022202222222220222222223222202242022222220204042205222021111111122022222230244422322522120222220222020242221111124222222220221111
11111202020222252222225402225422222025022302002222222022222222204220222222202252200202222203222222252624202222222222200222022222020021111111202432204222222225222320220342024022222220222111102202422222221111
11111142222242520222222222222232202222422210422000035200022222202402220440204222222004322202220202522002242222402202206242200202400421111120222220022220223324220420204220202023222022322211120042200242411111
11111122222022222022220220020220202222224222244052223242322220240244224222004222220532222242022222222200220211222243260022402200524221111122522202202400242222225222022204222525222542252011150222062242211111
11111104222222223002225202300222222202222032022020023222202035020422223202542022020222224222200204252202224111122522243402220044522025111122202222222300022023202022222222020204220522222221122223222022211111
11111145223202223202322202202245042522222222225030424220223522020242232522222202225202002550022222230230022211222204225422204622520222211110220202262235222222222022222200424202022522022522222202222020211111
11111522222242202002242222220223224242242242242422222222243322205424022202220020032226242223252222225240002222222002202222225530224222221111202222200323622222225222224354202022222220220225222240205420211111
11112300222220402200020020223222252222020242222260220220222422224222252220223020622400242224242322202255240222222232020020222253222022245111122222002202222220224220202222024220226222262242200222052425611111
11110202000222220003204222202022322222402022222223220224222222222020242230264024200552223222222220442222024022202022242222222222222223422011202052422242020020002242000232022204220202222022242112022222611111
11112022300202042232302222202220200222232220202222202222222222220402423223204022040220222220224424222242322222440202222222222622022203220022240422322242206222222222034222200202250002442050041112422022201111
11111032222026050222302440222304223222022230222220222005221126522202222404222222240202225402022344220225222402222000422220220422252222050404222242402222402222220222223422422240220002222422211112502030022111
11111122044202346620202222022222323222022220202222202205021111112650222202222220023222252242260223206054022224306420202211202422220222224402202256222222242222220220222422220532222340222222511111202220020111
11111102222020422002240222222000222042022244420202022222001111112224260022020060202522220232202222320222220222232220542111120423222202224220222240021522252223222222320242002222222520220220221111222224232111
11111202622024222222235043222200200022224352202220222220202111220022552222222252522422462223200222222222222222022224220211120222222620202224422222211232245222222020112023222200252200223604222110420002022111
11110242224222032225322222222224220020204220022665222523420200050222220222225222200200222222223422232402222222222002240220205222000242022223422002021226022002220241111242220002022022242004022222222424541111
11112222042602020422422222240222020222622222242224020222222542220020422220222222242222202442002222225252202240202002020420243002423222222225222220022552222532220211111022222252222220211042420223422222211111
11112222420005020242220222522200052052022220222522220222222222430224200042220222050022202222342000022032222522432520202242222020322200224222022203202224220220222111115023622220222220111123230222222222211111
11112260222042243022202222222040423422220224202222222332202202222222200032252222420320532022222300020222222422220522342022223222202024422222222222220222023202250111124222220242322224111122223522022020411111
11112223202222222342202222225024422240000205222552022225625002225262023222020252525223340020242200222522222422023242222022422022202222222442222202422200604202222211202220022320222262211222224420024022211111
11112224000032220233052220223022222222022224222226222222222020202402222222025020225022222402222244202220222220202022062520220304222220022222222202220200052222222222222225202202222322222220222220502400311111
11112224240022052022226202222220202222220222230222204622222424233222234422024220252221112200204042002022622202022220032320362222222222560222223224422240442402032222002324242252322202202022022302402452111111
11111222620000220224222042422220222020023224024222222020222202225222622200402224020202122002222042436402226022420264022322222020300002220222322402222255422522024222225222022222320210022022523240202222111111
11111100002502223232225420222224202222002442224022322242220222222220202002423332504250002222242022424402202452224322322222002202202202024242222204062232222222222255202226442200520444002022202022222241111111
11111112425340222222502223242222042523420222222243204220054222022222250200202222502020230002022002222222252220422220222000040240222223204222222222202222260222022422222224230202222222203222222022200211111111
11111112234242240022530224022032240523202205022222222225222220440224222242200202402025225552222303022202224202402042246402253252024222222242202602222222222222300220320202042202324240222002222222250111111111
11111111022040532223220422202022030222252002505030422524220022222422500022222202202002022224222242222242222232233320322424225220222402222023240242420222202202222400224043222042222322300022224205042111111111
11111111422220222204220220022023442020220520202220522222440211112222222205022202524242022222522022222222222020224220222222205220011200422202220020220062242240022204222222244225222222200222022202220111111111
11111112222252022222020225522002322225402222224000222222222111111002202022020020222225662202204222222240234032222254222222222402211122200202032024222002332220245223012225222202020220045322562232232211111111
11111652402222242022222202202202222222200422222223022222222111111225222002002022205002200242222202252222225020204024222222402222011222222022232225054202244200422222111422042242422423422426232222225221111111
11112220404322222242422022222403202020304222000222402223002211112202000000200424222220200222322024224112222420302222220002262022202400222244222602022020252220220203225220422022242202200202222202022422111111
11112605225242622520222222420442552222242020220222225222225021102220226222202532202020232222224022221111232224222402402223222022222430022611100302206220242623222242222220222022220202222202222242224220011111
11115422222222224204262204220422226200050220225022602022202222252005220520500222202245222202202020111111222242002242202222220522020230420111114202002022322244202242020234522502222202223220352220205602021111
11112220202222222352023452220422202220253205114020202000202222422202232220220202522222225520222211111112002422042032222222022222003224402111115522220520202052000022222024202220524240242022225622202004401111
11112220222250020250322226220222220220222222111022202322220020222220022202504222224220222422242111111202200320222222202002020022002225222211132222222220204222204224224042211225222252222222023242032202421111
11115222200224222224202222222420202202223252111302344222225220305252064002202240002222020222021114022024224225200022222002302222050222222202222202200022342222622222202452311002222024002220224042222240202111
11112222242022220022220240222222240242222022402222341115222244242020025244252222022202022020052102325222222203242452222220222220022224222232004652200002224222222222200222112040202022222204242424222220222111
11112222232202223202422222222202211022200024222402211112022222422022362242222222220005220224222220222032222202224222202204262004202225300022322242022222242202202111043042110220032022245002222242222035254111
11110252022204222223222020022232111122022002222222221110325422220302422052220002002224242302520200022232222232222062211112020442202202202242320422202002220224022512642222111224220320222442220230520422022111
11122022302242222224222200220232111102522022223022200203422222222202404252222225222262220262220005222222600252200221111111020442242222220223222206250400223222240222222222211112212202220242202422200222502111
11102220220222320222220562022232111120260022042220226222422002202042224226232244002440202042060422222202230022250011111111502220222322020202202222242222422225040240523222052111111222400022256222342022222111
11120004222200522251255222300222211202222023422220202222220232240420222542620222042225242020024202222232623222023521111112206004502222204202522202230220220223220423244222220211112202202002222324522022241111
11124242222022230211112000324252340240202422232000020022004522022222220220522002222222422062522223422232222220642200211140204222203522422222522002022024500222022402222222002311102322222000222202202302251111
11122222632520224021111200204220424024052554052224225222202222060020002022420202222002222620222222220320222222322200242020222524202226222222200222022432220020202253222222222211202222305334202250200242022111
11124205222424362221111240222254222204440225220242322020222204202220222302222222222242222400322222220220220520202235022020002432242222224223522220524112222422220242520022222111542202252424223222042220202111
11115052222222222222112224202022222222220222520222202322202422240222022220000225022322202223220320022524222220220422220222022225220202023622222024201111222200222020222502202111222222222222223220022200020111
11111222222222202024202203200222000222604022225222222244222202320422202204020224224222302224226243222222220002622204222202111125022400022022242025022111222020222402200223222115254220020220222222202024002111
11111112422222532225262222220220220202222222023200200222200245222222222232302004202422202222002222052242520040022222200051111112323222422502220402222212240220200322553202220422222242322224222204022222221111
11111111122222242225220222025232202242202040222202224062252622222226222042322202200222002222542026220024242222522112222421111112202500323222222223222230222252220342223222202205502222242622224202220022111111
11111111102060020002004022442225200223202222222222052345222430624222022222245022222022000022220025420025222222511111030220111120222204522202524432232020220222624322222222205022222322222000222042205521111111
11112221102222220202022022220262204222205222200224220222262223424022022222222222022302302004004405222522500220111111020222222222022242222222202220542520202021122223422242042422420402002004442252045241111111
11122002220222322222224202203022002220455222622022202222302252202222230224225224222202502222202522060222232022111112224002220022020022202224222204223222202611112302202222234442223242225232220022322211111111
11120350222242232222502420222220602200222222402022242223204222220222220052242022204232542002222500204202220022111132222220222242202202002042040032222243200211112202220022224222202220002225020332222221221111
11122222222022220002222223222202222224202240422220022222202220624202520423223222262622222222220222202244022342111322222224222220202222242020220422222222252611112200422422023025220534020222422222522025244111
11122220020002004022020224220200002222252422425322222222240220202020222222222022022502202042224202020222222220003222004022252022000220222222242220020222424321102222225222022302002222022220222204204242222111
11122222322040302420304222022422240020622420224220022222222224022202200020222220220202040022022260220020004222224222022020222222240020222035111242202022222221100202222222222520500022222002004242422234022111
11114011142420222522244222422322523204502224022022220220022322440022042022602222040200222224024202430223222222402054222202024202232220322641111122202422022242242020220220222402200232203300202220422222001111
11111111112254222240222222220232324222220322220222300422022222432420240402202225440202204204223222222222252220200222003003522242423205224221111122342352202042222002220020220202253022243252504002222220211111
11111111112224024022224222242020222022222222024222222222222222224202020402200022224422205022422540222220222024200204222212222252242202222541111222220222222222522204320322200242222262225353222222220224111111
11111111114022332222222052222002062243022242062202242222202242222400436240223022052204222424224220022202622202624224222002004222220202222221111202225202020022202242220242320224222022222222222220220001111111
11111111112002222220220222222202445222032242032222222502222220220260230222235222222232222402222224022406233223202222220402524220022222202221111240222522020220002223222242223225622224330240226020222021111111
11111111122302202202022422220022222220322022222220022220220222222222222502224200020242222222222262020302222205002206222202222402222220222220112242204222023242042222202222204252112502223222230202202220111111
11111222205222222020400204002522222222223020204220002202220222202222422232223050222232222000222222022202220202022250224242202222400222223024202230252422202222050225562660222420205200202022032242552022211111
11110320302202222252222402202200243024322524022203232024225002402220222022252023202022220444222222422240220022333025222020220023222222222422050026222224252222022622202220202220222202224040552223242222201111
11112202222002420225220252202200252322222222222222042222224203220404222252022242220223204232511122202350222242222525202224222202244022220242222422205502225222400002040224222500032020252222320222022220202111
11112422020202200522550222222250420242622622020020220002202242222354222226242222522202022223111146204220220220222242220222422202222404222022022242222220222222242222422222222243022224422222223222022004242111
11110440224034250222222032626223450422244242025460202200222222202224022260022302220000222021111122202225522224024626222022220042200222202002202524422222202020222222422322022222220022202205024202402242251111
11110220224442220000022220020224235224222225202222222026004242052222222222022222222222022511111122202222222222222222011152220422033522220200222202260220222224020222222220422220322222022222442042324222231111
11110265023426400000520222220202522232320242322022222322422024322202220220020222252222222211111142220025506422222220211122222562022522024220002242222222020232222220020400422002202222220502222042202522022111
11122022022222202420202020224402322222250322202630242222225203202220222523522240240032452201111252222602220422002202200222032224242242202220422222022020322222222200225430240220220222222222222222250220224111
11122522420222240222222222022300422222022222202022022222222225023200242222222222022220420220220022042022222225400022520402220222220220523022242002320052422222022204222222022262304112022220022022522254323111
11100222220224245220222002522200542222222002202262202224223242203254624050460200522200222430244220240022222222246202226402603211220532222502252622242226420222423502222202204202224222222023220322222222202111
11100062202252022220202424222325222202222222222422202202252222002011252220220004522222223225222522224600222302245220022222252111120222030202242023222322222220422230230022222220002220202022422224022006221111
11144220050222222223222223223222264222022220006202400422524422202411022022200203260032222222522530022240062224224204222262521111120202220252220502222422202020200042120342202222222225044222224202442306221111
11112220022202222023262222222223202232422222442262222252202220000202224502022220222020022220200424202222422002242203225220221111123040222022224402420222432235002441112224202022254205032222002252222200011111
11110030222244203022023222200222522030222222223220202022444050403202222400552224250222222222000402440006230032222002242045022111242322002242202230200110320243422421112202203024222445220242200022200455111111
11112222000042242220222002235022322034202222222224056222242222242222062200221112022222252242522402242322222620203002222223402222020224631111222220221112220222220220240202202224200222220052202220202251111111
11112240222222222222200200245220220022204422030222222232222220252223222022321112222200222222200522224200020232223402022024200522225025231111120225222112224220045222233240042222222222002222242222262022111111
11112223022025220222222200022222002422204222420220022522222211123202242202221111224222042202024222025222222222022422403402022202022234221122110222200224202202522050252222322222222222022204420422222422411111
11112022222232222211124302222605222220442242445022222222223111122242220222322111122046222022202220224002220202002232222542022223022222222024424223250025422002222220520222222222220204202302224520462400201111
11114300222220202211102542202042522422220022222220222222202011102220222220224211122022320224052223224620042420322220242322222242230232022225222022022044242233024404222226002262220202202246224202222252221111
11112202222022222430022253042222220202000020422022023242202522222002252002222201422523202422022225202220032520352222222222204220520522000402202322202022020024322202222222222260222240244032222202222222221111
11111522220222000222262222422222222232202204320522042222024252232222220202402222226252220222423202420040025240110022062222202062220220423226000220224352422022225232222500326220242022222220030222322222221111
11111223222560222220202222522022200222542202220202022230222222320220224042240220002222020204224242242423222023025252422002222002622242223222522422222222222246502250000220222224320222023222020202222022201111
11111222202200002204200222202322023202252244222022200220220222240223022023522222040200112222222020222204502205453030324203622222024220222220200202006422202022222220202224020022422004222200322252222423321111
11116020020224202202020302022253202222224022020222302040004222025222244212222222222221111522502420222222202223222343223222020222223022202240222202422202200420222220220222020200222032222202406222020302211111
11112620022224242020022220252222420222222022220222242255022022022202224213222222224021111220226224003052232002202224222202252022222452402220000202222205243222022420200222025242223232025002202222202202011111
11112220202222222222522222220222222200252220220340220022220202452233022002202022022250110206221200222224222422222022225222050002202222222222024000002404032222025424002222022222222252222042242242252222111111
11115402200220222000422024222242224402221120254225022004222522322322222032304202230242226522002222222002542220220222222022220222222224262042502222222242544200532525422522200222240023642422222020222220111111
11112220020200232224253422422225222243211112222222220055025222222222222422223022020222022222222040222040222222022220222220420222222422624220252222203222522250220322222222602062252425522250423000222202111111
11110225554425320222422422220222222322011113222225422522202022242522002200202252225062200202242225242223222222520022042222220202225220024220220220222202222022202203022202222002040322220240222532202020211111
11112222252224230202202202222204025422221111020202242422202320222222222204525222222204222252222223222422002252220220222200202050252623224222022222220202042222050252222025220602322222220243042222220224201111
11110220022225220202222222400022502232301111220002222242242220222110222022222111225222222422222202222202022340422222222252202422022222332023220222022222026242222232202222022520222020200022222562225222201111
11116200022223053232035422202222250220221111240020044222220420031111222224221111102202220202211230220242202242202020230222223205022112222023220222222222020112242222223240222225220242002222222202342022241111
11114042020262554242222222222322222022401111120222223240053204211111202022221111122020020034111122202050022022222500222220242222020222222442022011100222221111242222002220224222222226225222002222222222021111
11111522424114222043220022112202220440211111112222111124011111111111122024311111120222450441111112342242222422223202304222211122225222224222022211111132211111020222006244522051111112222224222000002522221111
11111111111111111111123211111111104111111111111111111111111111111111110221111111112225111111111111111114021111111112222421111112422304025225224111111111111111122202242025111111111111244111111111162244211111
11111111111111111111111111111111111111111111111111111111111111111111111111111111111111111111111111111111111111111111111111111111111111111111111111111111111111111111111111111111111111111111111111111111111111
11111111111111111111111111111111111111111111111111111111111111111111111111111111111111111111111111111111111111111111111111111111111111111111111111111111111111111111111111111111111111111111111111111111111111
11111111111111111111111111111111111111111111111111111111111111111111111111111111111111111111111111111111111111111111111111111111111111111111111111111111111111111111111111111111111111111111111111111111111111
